0,0
0.27,5
0.37,0
0.47,0
0.5599999999999999,6
0.6499999999999999,14
0.7499999999999999,21
0.8399999999999999,27
0.9299999999999998,36
1.0199999999999998,44
1.1099999999999999,52
1.2,60
1.29,66
1.3800000000000001,73
1.4700000000000002,83
1.5700000000000003,86
1.6600000000000004,92
1.7400000000000004,100
1.8300000000000005,107
1.9200000000000006,116
2.0100000000000007,121
2.1000000000000005,130
2.2000000000000006,137
2.2900000000000005,144
2.3800000000000003,152
2.4800000000000004,164
2.5700000000000003,174
2.66,185
2.75,196
2.84,207
2.9299999999999997,218
3.0199999999999996,226
3.1099999999999994,231
3.1999999999999993,238
3.289999999999999,252
3.379999999999999,260
3.469999999999999,264
3.5599999999999987,275
3.6499999999999986,284
3.7399999999999984,292
3.8299999999999983,301
3.919999999999998,306
4.009999999999998,316
4.529999999999998,316
5.019999999999998,346
5.109999999999998,340
5.1999999999999975,348
5.289999999999997,355
5.379999999999997,363
5.469999999999997,371
5.559999999999997,383
5.639999999999997,392
5.729999999999997,403
5.8299999999999965,414
5.919999999999996,427
6.009999999999996,439
6.099999999999996,450
6.189999999999996,460
6.279999999999996,468
6.369999999999996,480
6.4599999999999955,488
6.549999999999995,494
6.639999999999995,501
6.729999999999995,511
6.829999999999995,520
6.919999999999995,532
6.999999999999995,545
7.0899999999999945,555
7.179999999999994,566
7.269999999999994,574
7.369999999999994,582
7.4699999999999935,588
7.559999999999993,594
7.649999999999993,604
7.739999999999993,614
7.829999999999993,623
7.919999999999993,637
8.009999999999993,652
8.099999999999993,661
8.269999999999992,669
8.359999999999992,677
8.449999999999992,684
8.549999999999992,693
8.639999999999992,704
8.729999999999992,717
8.819999999999991,728
8.909999999999991,740
9.009999999999991,746
9.10999999999999,753
9.20999999999999,767
9.29999999999999,773
9.38999999999999,766
9.48999999999999,765
9.58999999999999,770
9.679999999999989,771
10.179999999999989,772
10.279999999999989,771
10.369999999999989,770
10.469999999999988,771
10.559999999999988,771
10.649999999999988,772
10.739999999999988,772
10.839999999999987,772
10.929999999999987,772
11.029999999999987,772
11.119999999999987,773
11.209999999999987,774
11.299999999999986,775
11.389999999999986,775
11.479999999999986,778
11.569999999999986,779
11.669999999999986,781
11.759999999999986,783
11.849999999999985,785
11.939999999999985,787
12.029999999999985,789
12.129999999999985,787
12.219999999999985,795
12.349999999999985,803
12.439999999999985,848
12.529999999999985,858
12.609999999999985,867
12.699999999999985,876
12.789999999999985,884
12.879999999999985,887
12.969999999999985,880
13.059999999999985,888
13.229999999999984,888
13.319999999999984,891
13.419999999999984,893
13.519999999999984,896
13.609999999999983,900
13.709999999999983,898
13.799999999999983,928
13.929999999999984,971
14.019999999999984,1000
14.109999999999983,1026
14.199999999999983,1027
14.289999999999983,1034
14.379999999999983,1036
14.469999999999983,1060
14.559999999999983,1071
14.649999999999983,1078
14.739999999999982,1101
15.319999999999983,1121
15.809999999999983,1352
15.899999999999983,1252
15.989999999999982,1316
16.079999999999984,1353
16.179999999999986,1370
16.269999999999985,1387
16.359999999999985,1399
16.459999999999987,1407
16.549999999999986,1413
16.649999999999988,1422
16.739999999999988,1435
16.83999999999999,1447
16.92999999999999,1462
17.02999999999999,1473
17.11999999999999,1483
17.20999999999999,1491
17.29999999999999,1500
17.38999999999999,1507
17.47999999999999,1517
17.56999999999999,1526
17.65999999999999,1535
17.74999999999999,1533
17.83999999999999,1559
18.329999999999988,1564
18.419999999999987,1571
18.509999999999987,1575
18.599999999999987,1585
18.689999999999987,1595
18.779999999999987,1604
18.869999999999987,1618
18.969999999999988,1635
19.469999999999988,6304
19.56999999999999,1674
19.65999999999999,1692
19.75999999999999,1720
19.859999999999992,1745
19.949999999999992,1773
20.039999999999992,1793
20.139999999999993,1816
20.229999999999993,1836
20.319999999999993,1862
20.409999999999993,1882
20.499999999999993,1904
20.589999999999993,1908
20.689999999999994,1927
20.779999999999994,1942
20.869999999999994,1964
20.959999999999994,1984
21.049999999999994,2016
21.149999999999995,2042
21.239999999999995,2065
21.329999999999995,2093
21.429999999999996,2123
21.519999999999996,2145
21.609999999999996,2168
21.699999999999996,2188
21.789999999999996,2204
21.969999999999995,2223
22.059999999999995,2243
22.149999999999995,2255
22.239999999999995,2257
22.329999999999995,2271
22.419999999999995,2277
22.509999999999994,2286
22.609999999999996,2297
22.699999999999996,2301
22.789999999999996,2315
22.889999999999997,2326
22.969999999999995,2339
23.059999999999995,2344
23.149999999999995,2359
23.729999999999993,0
23.819999999999993,2367
23.909999999999993,2367
