0,0
1.15,0
2.25,0
3.35,0
4.45,0
5.55,0
6.65,0
7.75,0
8.85,7
9.95,27
11.05,54
12.15,75
13.25,108
14.35,165
15.45,208
16.55,251
17.65,299
18.75,336
19.85,396
20.95,452
22.05,504
23.15,556
24.25,601
25.35,653
26.45,708
28.04,781
29.14,850
30.24,952
31.34,1033
32.44,1114
33.54,1182
34.64,1257
35.74,1310
36.84,1351
37.94,1427
39.04,1494
40.14,1539
41.24,1577
42.34,1649
43.44,1705
44.94,2276
46.04,1813
47.14,1880
48.24,1954
49.34,2029
50.44,2100
51.54,2142
52.64,2190
53.74,2278
54.84,2323
55.94,2391
57.04,2442
58.14,2498
59.24,2549
60.34,2601
61.44,2655
62.54,2711
63.64,2768
64.74,2827
65.84,2883
66.94,2938
68.04,2994
69.14,3050
70.24,3107
71.34,3164
72.44,3224
73.54,3297
74.64,3381
75.74,3466
76.84,3548
77.94,3649
79.04,3707
80.14,3759
81.24,3796
82.34,3839
83.44,3902
84.54,3976
85.64,4062
86.74,4120
87.84,4172
88.94,4251
90.04,4289
91.14,4361
92.24,4409
93.34,4458
94.44,4508
95.54,4560
96.64,4615
97.74,4660
98.84,4695
99.94,4767
101.04,4854
102.14,4890
103.24,4910
104.34,4935
105.44,4974
106.54,5010
107.64,5036
108.74,5073
109.84,5112
110.94,5135
112.04,5149
113.14,5157
114.24,5162
115.34,5177
116.44,5209
117.54,5246
118.64,5292
119.74,5340
120.84,5392
121.94,5454
123.04,5512
124.14,5604
125.24,5694
126.34,5789
127.44,5869
128.54,5930
129.64,5964
130.74,5990
131.84,6008
132.94,6032
134.04,6130
135.14,6252
136.24,6353
137.34,6418
138.44,6465
139.54,6528
140.64,6589
141.74,6641
142.84,6691
143.94,6792
145.04,6916
146.14,6992
147.24,7058
148.34,7099
149.44,7125
150.54,7154
151.64,7200
152.74,7257
153.84,7312
154.94,7371
156.04,7430
157.14,7488
158.24,7550
159.34,7611
160.44,7671
161.54,7744
162.64,7832
163.74,7921
164.84,8008
165.94,8079
167.04,8150
168.14,8228
169.24,8291
170.34,8356
171.44,8411
172.54,8461
173.64,8507
174.74,8546
175.84,8581
176.94,8626
178.07,8724
179.17,8859
180.27,8943
181.37,8995
182.47,9060
183.57,9137
184.67,9209
185.77,9281
186.87,9352
187.97,9418
189.07,9485
190.17,9547
191.27,9601
192.37,9662
193.47,9723
194.57,9784
195.67,9825
196.77,9855
197.87,9893
198.97,9930
200.07,9973
201.17,10024
202.27,10081
203.37,10140
204.47,10195
205.57,10510
206.7,10313
207.8,10424
208.9,10517
210.0,10595
211.1,10797
212.2,10936
213.3,11056
214.4,11122
215.5,11179
217.09,23014
218.19,11316
219.29,11371
220.39,11428
221.49,11487
222.59,11546
223.69,11606
224.79,11669
225.89,11732
226.99,11794
228.09,11857
229.19,11927
230.29,12056
231.39,12151
232.49,12227
233.59,12296
234.69,12386
235.79,12447
236.89,12516
237.99,12587
239.09,12658
240.19,12723
241.29,12773
242.39,12819
243.49,12870
244.59,12919
245.69,12977
246.87,13055
247.97,13129
249.07,13171
250.17,13214
251.27,13256
252.37,13300
253.47,13343
254.57,13383
255.67,13425
256.77,13466
257.87,13520
258.97,13598
260.07,13647
261.17,13708
262.27,13760
263.37,13821
264.47,13866
265.57,13898
266.67,13931
267.77,13965
268.87,14000
269.97,14035
271.07,14074
272.17,14114
273.27,14154
274.37,14196
275.87,8577
277.0,14348
278.1,14397
279.2,14449
280.3,14497
281.4,14534
282.5,14568
283.6,14602
284.7,14637
285.8,14674
286.9,14712
288.0,14750
289.1,14791
290.2,14833
291.3,14897
292.4,14960
293.5,15025
294.6,15083
295.7,15132
296.8,15177
297.9,15216
299.0,15251
300.1,15285
301.2,15319
302.3,15357
303.4,15396
304.5,15436
305.6,15476
306.7,21580
308.23,9369
309.33,15455
310.43,15464
311.53,15505
312.63,15526
313.73,15558
314.83,15599
315.93,15668
317.03,15733
318.13,15786
319.23,15831
320.33,15884
321.43,15948
322.53,16008
323.63,16054
324.73,16081
325.83,16103
326.93,16125
328.03,16152
329.13,16212
330.23,16247
331.33,16276
332.83,16358
333.93,16374
335.03,16407
336.53,16694
337.63,16471
338.73,16509
339.83,16534
340.93,16575
342.03,16604
343.13,16640
344.23,16677
345.33,16708
346.43,16743
347.53,16800
348.63,16847
349.73,16889
350.83,16932
351.93,16976
353.03,17023
354.13,17063
355.23,17096
356.33,17134
357.43,17167
358.53,17210
359.63,17231
360.73,17279
361.83,17308
362.93,17337
364.03,17343
365.13,17358
366.31,17359
367.41,17365
368.51,17365
370.1,17829
371.2,17367
372.3,17368
373.4,17368
