0,0
1.1,1
2.2,0
3.3,0
4.4,0
5.5,1
6.6,0
7.7,1
8.8,0
9.9,2
11.0,5
12.1,10
13.2,26
14.3,43
15.4,54
16.99,71
18.09,88
19.19,105
20.29,122
21.39,138
22.49,152
23.59,166
24.69,168
25.79,169
26.89,171
27.99,167
29.09,157
30.19,172
31.29,185
32.39,206
33.49,230
34.59,255
35.69,273
36.79,293
37.89,317
39.48,374
40.58,371
41.68,454
42.78,495
43.88,565
44.98,625
46.08,671
47.18,726
48.28,760
49.38,800
50.48,833
51.58,850
52.68,861
53.78,868
54.88,873
55.98,877
57.08,867
58.18,879
59.28,887
60.38,897
61.48,906
62.58,948
63.68,995
64.78,1023
65.88,1038
66.98,1048
68.08,1057
69.18,1152
70.28,1242
71.38,1301
72.48,1347
73.58,1385
74.68,1443
75.78,1515
76.88,1568
77.98,1620
79.08,1668
80.18,1712
81.28,1753
82.38,2554
83.51,1848
84.61,1885
85.71,1921
86.81,1963
87.91,1998
89.01,2035
90.11,2084
91.21,2134
92.31,2203
93.41,2259
94.51,2311
95.61,2373
96.71,2421
97.81,2457
98.91,2483
100.01,2510
101.11,2524
102.21,2533
103.31,2538
104.41,2539
105.51,2546
106.61,2546
107.71,2552
108.81,2575
109.91,2596
111.01,2618
112.11,2687
113.21,2754
114.31,2805
115.41,2835
116.51,2874
117.61,2946
118.71,3025
119.81,3091
120.91,3133
122.01,3183
123.11,3284
124.21,3376
125.31,3512
126.41,3676
127.51,3802
128.61,3917
129.71,4027
130.81,4144
131.91,4251
133.01,4324
134.11,4380
135.21,4429
136.31,4476
137.41,4510
138.51,4543
139.61,4568
140.71,4581
141.81,4592
142.91,4599
144.01,4600
145.11,4602
146.21,4606
147.31,4624
148.41,4638
149.51,4642
150.61,4669
151.71,4707
152.81,4745
153.91,4782
155.01,4803
156.11,4815
157.21,4869
158.31,4917
159.41,4960
160.51,5000
161.61,5040
162.71,5077
163.81,5122
164.91,5176
166.01,5218
167.11,5252
168.21,5289
169.31,5316
170.41,5360
171.51,5399
172.61,5428
173.71,5448
174.81,5470
175.91,5483
177.01,5489
178.11,5485
179.21,5489
180.31,5502
181.41,5516
182.51,5531
183.61,5548
184.71,5570
185.81,5593
186.91,5621
188.01,5642
189.11,5658
190.61,5690
191.71,5724
192.81,5761
193.91,5787
195.01,5810
196.11,5861
197.21,5911
198.31,5948
199.41,5985
200.51,6019
201.61,6052
202.71,6079
203.81,6106
204.91,6128
206.01,6142
207.11,6152
208.21,6173
209.31,6182
210.41,6201
211.51,6232
212.6,6252
213.7,6277
214.8,6295
216.3,6334
217.4,6332
218.5,6356
219.6,6381
220.7,6409
221.8,6449
222.9,6485
224.0,6520
225.1,6554
226.2,6579
227.3,6616
228.4,6653
229.5,6684
230.6,6710
231.7,6785
232.8,6872
233.9,6943
235.0,7006
236.1,7056
237.2,7094
238.3,7129
239.4,7198
240.5,7254
241.6,7291
242.7,7327
243.8,7347
244.9,7357
246.0,7366
247.1,7371
248.2,7384
249.3,7391
250.4,7394
251.5,7401
253.0,7477
254.1,7471
255.2,7474
256.3,7490
257.4,7511
258.5,7536
259.6,7570
260.7,7602
261.8,7628
262.9,7663
264.0,7698
265.1,7724
266.2,7759
267.3,7827
268.4,7882
269.5,7928
270.6,7969
271.7,8007
272.8,8041
273.9,8078
275.09,8114
276.19,8142
277.29,8149
278.39,8160
279.49,8161
280.59,8162
281.69,8173
282.79,8186
283.89,8188
284.99,8193
286.09,8197
287.19,8204
288.29,8214
289.39,8216
290.49,8232
291.59,8251
292.69,8276
293.79,8300
294.89,8332
295.99,8378
297.09,8421
298.19,8483
299.29,8547
300.39,8601
301.49,8653
302.59,8701
303.69,8751
304.79,8796
305.89,8840
306.99,8883
308.09,8927
309.19,8968
310.29,9013
311.39,9057
312.49,9099
313.59,9137
314.69,9176
315.79,9205
316.89,9255
317.99,9258
319.09,9267
320.19,9278
321.29,9296
322.39,9324
323.49,9351
324.59,9379
325.69,9417
326.79,9460
327.89,9495
328.99,9525
330.09,9589
331.19,9658
332.69,9718
333.79,9759
334.89,9801
335.99,9841
337.09,9875
338.19,9905
339.29,9920
340.39,9934
341.49,9942
342.59,9955
343.69,9966
344.79,9988
345.89,10013
346.99,10033
348.09,10049
349.19,10065
350.29,10079
351.39,10095
352.49,10088
353.59,10091
354.69,10107
355.79,10123
356.89,10149
357.99,10165
359.09,10202
360.19,10258
361.29,10272
362.39,10282
363.49,10289
364.59,10294
365.69,10297
366.79,10299
367.89,10300
368.99,10301
370.09,10300
371.19,10300
