0,0
1.1,2
2.2,0
3.3,0
4.4,4
5.5,6
6.6,35
7.7,88
8.8,120
9.9,159
11.0,190
12.1,242
13.2,295
14.3,400
15.4,462
16.5,492
17.6,509
18.7,520
19.8,528
20.9,533
22.0,537
23.1,531
24.28,539
25.38,544
26.48,550
27.98,584
29.08,658
30.18,703
31.28,736
32.38,763
33.48,794
34.58,823
35.68,858
36.78,899
37.88,925
38.98,941
40.08,949
41.18,972
42.28,981
43.38,987
44.48,992
45.58,994
46.68,1006
47.78,3517
48.91,1114
50.01,1332
51.11,1592
52.21,1798
53.31,1877
54.41,1950
55.51,2007
56.61,2072
57.7,2157
58.8,2223
59.9,2264
61.0,2343
62.1,2439
63.2,2468
64.3,2479
65.4,2487
66.5,2491
67.6,2504
68.7,2511
69.8,2513
70.89,2519
71.99,2534
73.09,2548
74.68,2580
75.78,2594
76.88,2604
77.98,2611
79.08,2614
80.18,2605
81.28,2618
82.38,2661
83.48,2702
84.58,2724
85.68,2734
86.78,2755
87.88,2788
88.98,2831
90.08,2908
91.18,2930
92.28,2935
93.38,2943
94.48,2949
95.57,2952
96.67,2950
97.77,2950
98.87,2943
99.97,2956
101.07,2955
102.17,2960
103.27,2970
104.37,2978
105.47,2987
106.57,2996
107.67,3012
108.77,3033
109.87,3047
110.97,3058
112.07,3063
113.17,3077
114.27,3133
115.37,3172
116.47,3220
117.57,3243
118.67,3269
119.77,3284
120.87,3305
121.97,3344
123.47,3370
124.57,3407
125.67,3537
126.77,3627
127.87,3701
128.97,3755
130.07,3834
131.17,3869
132.27,3893
133.37,3923
134.87,4427
135.97,4012
137.07,4056
138.17,4074
139.27,4082
140.37,4085
141.47,4085
142.57,4087
143.67,4088
144.77,4089
145.87,4089
146.97,4089
148.07,4090
149.17,4098
150.27,4114
151.37,4131
152.46,4167
153.56,4201
154.66,4278
155.76,4337
156.86,4387
157.96,4415
159.06,4458
160.16,4489
161.25,4510
162.35,4530
163.45,4592
164.55,4649
165.65,4724
167.15,6038
168.25,4887
169.35,4917
170.45,4976
171.55,5016
172.65,5052
173.75,5071
174.85,5084
175.95,5094
177.05,5101
178.15,5104
179.25,5106
180.35,5108
181.45,5108
182.55,5108
183.65,5108
184.74,5108
185.84,5108
186.93,5108
