0,0
1.14,0
2.24,0
3.34,0
4.44,0
5.54,0
6.64,0
7.74,0
8.84,0
9.94,2
11.04,5
12.14,8
13.24,10
14.34,13
15.44,0
16.54,15
17.64,16
18.74,17
19.84,18
20.94,16
22.04,22
23.63,32
24.73,38
25.83,46
26.93,54
28.03,58
29.13,61
30.23,76
31.33,88
32.83,13519
33.93,128
35.03,143
36.13,212
37.23,335
38.33,440
39.43,513
40.53,565
41.63,584
42.73,590
43.83,619
44.93,644
46.03,668
47.13,692
48.23,696
49.33,700
50.43,702
52.02,710
53.12,702
54.22,703
55.32,707
56.42,710
57.52,718
58.7,723
59.8,734
60.9,754
62.0,784
63.59,876
64.69,836
65.79,856
66.89,865
67.99,877
69.09,890
70.19,899
71.29,927
72.39,963
73.49,995
74.59,1017
75.69,1033
76.79,1036
77.89,1040
78.99,1043
80.09,1046
81.19,1051
82.29,1073
83.39,1095
84.49,1110
85.59,1120
86.69,1130
87.79,1170
88.89,1214
89.99,1232
91.09,1244
92.19,1253
93.29,1257
94.39,1247
95.49,1261
96.58,1262
97.68,1263
99.18,14284
100.28,1261
101.38,1263
102.48,1265
103.58,1273
104.68,1279
105.78,1285
106.88,1291
107.98,1296
109.08,1300
110.18,1304
111.28,1308
112.38,1316
113.48,1361
114.58,1393
115.68,1419
116.78,1438
117.88,1452
118.98,1469
120.08,1485
121.18,1489
122.28,1518
123.38,1533
124.48,1549
125.58,1569
126.68,1599
127.78,1637
128.88,1677
129.98,1709
131.08,1734
132.18,1768
133.28,1807
134.38,1846
135.48,1879
136.58,1914
137.68,1943
138.78,1964
139.88,1979
140.98,1988
142.08,1995
143.18,1999
144.28,2000
145.38,2059
146.51,2011
147.61,2013
148.71,2015
149.81,2018
150.91,2013
152.01,2024
153.11,2038
154.21,2055
155.31,2074
156.41,2093
157.51,2114
158.61,2129
159.71,2144
160.81,2151
161.91,2146
163.01,2159
164.11,2165
165.21,2175
166.31,2190
167.41,2213
168.51,2240
169.61,2263
170.71,2283
171.81,2296
172.91,2315
174.01,2416
175.11,2476
176.21,2531
177.31,2572
178.41,2599
180.0,2869
181.1,2679
182.2,2707
183.3,2720
184.4,2743
185.49,2768
186.59,2796
187.69,2811
188.79,2819
189.89,2818
190.99,2823
192.09,2828
193.19,2835
194.29,2837
195.39,2848
196.49,2855
197.59,2896
198.69,2921
199.79,2958
200.89,2966
202.39,31875
203.49,2973
204.59,2974
205.69,2975
206.79,2975
207.89,2977
208.99,2977
210.09,2978
211.18,2978
212.28,2979
213.78,2982
214.88,2979
215.98,2979
