0,0
1.11,0
2.21,0
3.31,0
4.41,0
5.51,2
6.61,4
7.71,4
8.81,9
9.91,16
11.01,41
12.1,57
13.2,75
14.3,87
15.4,95
16.5,100
17.6,152
18.7,160
19.8,162
20.9,163
22.0,162
23.1,182
24.2,141
25.3,171
26.4,190
27.5,203
28.6,210
29.7,249
30.8,282
31.9,351
33.0,411
34.1,439
35.2,481
36.3,531
37.4,563
38.9,593
40.0,623
41.1,644
42.2,684
43.3,736
44.4,754
45.5,762
46.6,771
47.7,778
48.8,783
50.3,29431
51.4,783
52.5,787
53.6,790
54.7,788
56.2,1686
57.3,802
58.4,817
59.5,835
60.6,852
61.78,881
62.88,892
63.98,892
65.07,886
66.17,859
67.27,823
68.37,815
69.47,812
70.57,820
71.67,828
72.77,838
73.87,844
74.97,852
76.07,859
77.17,868
78.67,1744
79.77,912
80.96,937
82.06,964
83.16,992
84.26,1021
85.36,1048
86.46,1068
87.96,1110
89.06,1158
90.16,1214
91.66,1301
92.76,1397
93.86,1498
94.96,1592
96.06,1681
97.16,1735
98.26,1752
99.36,1771
100.46,1839
101.59,1839
102.69,1886
103.79,1915
104.89,1978
105.99,2013
107.09,2060
108.19,2136
109.29,2222
110.39,2306
111.49,2332
112.99,2386
114.09,2399
115.28,2425
116.38,2421
117.48,2446
119.07,2491
120.17,2549
121.27,2558
122.37,2594
123.47,2599
125.06,2617
126.16,2622
127.26,2634
128.36,2645
129.46,2665
130.56,2704
131.66,2741
132.76,2786
133.86,2856
134.96,2946
136.06,3129
137.16,3234
138.26,3317
139.36,3398
140.46,3468
141.56,3519
142.66,3642
144.25,3722
145.35,3757
146.45,3801
147.55,3816
148.65,3826
149.75,3847
150.85,3842
151.95,3865
153.05,3878
154.15,3891
155.25,3918
156.35,3928
157.45,3958
158.55,3992
160.05,4035
161.15,4091
162.25,4135
163.35,4194
164.45,4249
165.55,4310
166.73,4416
167.83,4581
168.93,4669
170.03,4773
171.16,4896
172.26,4911
173.36,4926
174.46,4985
175.56,5001
176.66,5003
177.76,5044
178.86,5073
180.36,5589
181.46,5155
182.56,5203
183.66,5251
184.76,5251
185.86,5260
186.96,5278
188.06,5288
189.16,5290
190.26,5291
191.36,5297
192.46,5301
193.56,5302
194.66,5305
195.76,5307
196.86,5308
