0,0
1.11,0
2.21,2
3.31,37
4.41,86
5.51,124
6.61,160
7.71,210
8.81,277
9.91,326
11.01,340
12.11,357
13.21,363
14.31,370
15.41,372
16.51,373
17.61,380
18.71,388
19.81,390
20.91,394
22.01,401
23.11,429
24.21,477
25.31,555
26.41,627
27.51,695
28.61,777
29.71,870
31.21,962
32.71,3783
34.21,1300
35.31,1340
36.41,1442
37.51,1557
38.61,1634
39.71,1722
40.81,1808
41.91,1891
43.01,1976
44.11,2080
45.21,2193
46.31,2281
47.41,2377
48.51,2466
49.61,2556
50.71,2638
51.81,2728
52.91,2819
54.01,2909
55.11,3015
56.21,3116
57.31,3191
58.41,3274
59.51,3360
60.61,3452
61.71,3556
62.81,3640
63.91,3776
65.01,3948
66.11,4132
67.21,4306
68.31,4481
69.41,4644
70.51,4750
71.61,4872
72.71,4997
73.81,5113
74.91,5207
76.01,5336
77.11,5479
78.21,5594
79.31,5693
80.41,5800
81.51,5918
82.61,6046
83.71,6165
84.81,6261
85.91,6344
87.01,6444
88.11,6637
89.21,6800
90.31,6978
91.41,7113
92.51,7203
93.61,7258
94.71,7305
95.81,7383
96.91,7454
98.01,7521
99.11,7693
100.21,7860
101.31,7921
102.41,7999
103.51,8117
104.61,8180
105.71,8261
106.81,8346
107.91,8442
109.5,8613
110.6,8662
111.7,8744
112.8,8886
113.9,8993
115.0,9118
116.1,9215
117.2,9290
118.3,9357
119.4,9394
120.5,9476
121.6,9594
122.7,9729
123.89,9813
125.48,38418
126.58,9954
127.68,10133
128.78,10213
130.37,22246
131.47,10327
132.57,10324
133.67,10334
134.77,10340
135.87,10345
136.97,10351
