0,0
1.17,0
2.27,0
3.37,0
4.47,3655
5.6,0
6.7,0
7.8,0
8.9,62
10.0,180
11.1,226
12.2,247
13.3,295
14.4,334
15.5,449
17.0,703
18.1,630
19.2,724
20.79,923
21.89,962
22.99,1028
24.09,1135
25.19,1205
26.29,1268
27.39,1362
28.49,1463
29.59,1571
30.69,1660
31.79,1742
32.89,1841
33.99,1930
35.09,2016
36.19,2091
37.29,2218
38.39,2302
39.49,2404
40.59,2446
41.69,2578
42.79,2661
43.89,2754
44.99,2831
46.09,2915
47.19,3010
48.29,3079
49.39,3180
50.49,3294
51.99,30635
53.09,3526
54.19,3599
55.29,3719
56.39,3773
57.49,3868
58.59,3995
59.69,4076
60.79,4154
61.89,4218
62.99,4328
64.09,4376
65.19,4485
66.29,4529
67.39,4664
68.49,4792
69.59,4905
70.69,4975
71.79,5045
72.89,5173
73.99,5238
75.09,5328
76.19,5441
77.29,5522
78.39,5611
79.49,5687
81.08,7533
82.18,5816
83.28,5844
84.38,5892
85.48,5905
86.58,5957
87.68,5987
88.78,6033
89.88,6160
90.98,6244
92.08,6390
93.18,6475
94.28,6604
95.38,6654
96.48,6755
97.58,6824
98.68,6900
99.78,6982
100.88,7187
101.98,7348
103.08,7488
104.18,7644
105.28,7744
106.38,7871
107.48,7961
108.58,8129
109.68,8249
110.78,8354
111.88,8438
112.98,8496
114.08,8524
115.18,8635
116.28,8683
117.38,8802
118.48,8889
119.58,8965
120.68,9058
121.78,9125
122.88,9238
123.98,9352
125.08,9415
126.18,9497
127.28,9634
128.38,9693
129.48,9827
130.58,9913
131.68,10014
133.27,35131
134.37,10231
135.47,10261
136.57,10361
137.67,10477
138.77,10552
139.87,10653
140.97,10673
142.07,10808
143.17,10876
144.27,10939
145.37,11088
146.47,11189
147.57,2954
148.7,11287
149.8,11297
150.9,11320
152.0,11328
