0,0
1.15,13
2.25,13
3.35,14
4.45,17
5.55,90
6.65,113
7.75,157
8.85,186
9.95,172
11.05,247
12.18,247
13.28,302
14.38,398
15.48,491
16.58,560
17.68,621
18.78,695
19.88,785
20.98,864
22.08,916
23.18,1048
24.28,1146
25.38,1206
26.48,1267
27.58,1395
28.68,1503
29.78,1593
30.88,1719
31.98,1816
33.08,1931
34.18,1990
35.28,2074
36.38,2196
37.48,2209
38.58,2277
39.68,2433
40.78,2498
41.88,2568
42.98,2639
44.08,2791
45.18,2866
46.28,2968
47.38,3050
48.48,3127
49.58,3225
50.68,3279
52.18,3337
53.28,3438
54.38,3491
55.48,3558
56.58,3627
57.68,6411
58.81,3703
59.91,3758
61.01,3847
62.11,3922
63.21,3954
64.31,3962
65.41,3971
66.51,3979
67.61,3985
68.71,4003
69.81,4023
70.91,4063
72.01,4123
73.11,4180
74.21,4229
75.31,4296
76.41,4365
77.51,4397
78.61,4435
79.71,4480
80.81,4534
81.91,4659
83.01,4688
84.11,4728
85.61,4794
86.71,4903
87.81,4987
88.91,5045
90.01,5096
91.11,5120
92.24,5204
93.34,5264
94.44,5316
95.54,5392
96.64,5435
97.74,5487
98.84,5507
99.94,5577
101.04,5629
102.14,5685
103.24,5775
104.34,5866
105.44,5939
106.54,6018
107.64,6080
109.14,12204
110.24,6241
111.34,6281
112.44,6322
113.54,6388
114.64,6445
115.74,6484
116.84,6519
117.94,6568
119.04,6642
120.14,6722
121.24,6780
122.34,6823
123.44,6902
124.54,6966
125.64,6983
126.74,7035
128.24,12830
129.34,7165
130.44,7233
131.54,7261
132.64,7249
133.74,7275
135.33,7331
136.43,7356
137.53,7378
138.63,7392
139.73,7411
140.83,7404
141.93,7453
143.03,7502
144.13,7514
145.23,9007
146.36,7568
147.46,7591
148.96,7621
150.06,7650
151.16,7662
152.26,7684
153.36,7693
154.46,7699
155.56,7743
156.66,7774
157.76,7797
158.86,7825
159.96,7836
161.06,7894
162.16,7927
163.26,7972
164.36,7999
165.46,8002
166.56,8028
167.66,8038
168.76,8041
169.86,8041
170.96,8040
172.06,8037
173.16,8033
