0,0
1.1,0
2.2,0
3.3,0
4.4,0
5.5,0
6.6,0
8.1,53972
9.2,0
10.3,0
11.4,0
12.5,0
13.6,3
14.7,33
16.29,82
17.39,121
18.49,194
19.59,223
20.69,297
21.79,357
22.89,423
23.99,491
25.09,560
26.19,623
27.29,697
28.39,763
29.49,844
30.59,921
31.69,991
32.79,1061
33.89,1130
34.99,1232
36.09,1305
37.19,1376
38.29,1468
39.39,1554
40.49,1611
41.59,1737
42.69,1800
44.19,1892
45.29,2004
46.39,2093
47.49,2177
48.59,2249
49.69,2327
50.79,2392
51.89,2469
52.99,2520
54.09,2589
55.59,2646
56.69,2723
57.79,2781
58.89,2833
59.99,2899
61.09,2963
62.19,3068
63.29,3159
64.88,3463
65.98,3329
67.08,3401
68.18,3504
69.28,3546
70.78,3696
72.28,5046
73.38,3802
74.48,3872
75.58,3913
76.68,3986
77.78,4064
78.88,4181
79.98,4243
81.08,4299
82.18,4348
83.27,4402
84.37,4459
85.47,4528
86.57,4615
87.67,4693
88.77,4747
89.87,4805
90.97,4863
92.07,4919
93.17,5011
94.27,5084
95.37,57426
96.5,5265
97.6,5320
98.7,5377
99.8,5439
100.9,5496
102.0,5536
103.1,5602
104.2,5675
105.3,5754
106.4,5840
107.5,5937
108.6,6015
109.7,6044
111.2,6070
112.3,6251
113.4,6309
114.5,6404
115.6,6471
116.7,6545
117.8,6631
118.9,6685
120.0,6732
121.1,6768
122.2,6817
123.3,6911
124.4,7032
125.5,7074
126.6,7132
127.7,7202
128.8,7272
129.9,7334
131.0,7398
132.1,7505
133.23,7583
134.73,7684
136.23,7810
137.33,7848
138.43,7935
139.53,7972
140.63,8001
141.73,8058
142.83,8122
143.93,8193
145.03,8270
146.13,8361
147.23,8444
148.33,8519
149.43,8589
150.53,8653
151.63,8732
152.73,8818
154.27,5056
155.37,8947
156.47,8985
157.57,9010
158.67,9103
159.77,9179
160.87,9248
161.97,9301
163.07,9394
164.17,9453
165.27,9510
166.37,9610
167.47,9666
168.57,9788
169.67,9846
170.77,9874
171.87,9986
172.97,10057
174.07,10103
175.17,10130
176.27,10179
177.37,10230
178.47,10266
179.57,10372
180.67,10448
181.77,10477
182.87,10546
183.97,10696
185.1,10655
186.2,10752
187.3,10802
188.4,10897
189.5,10970
190.6,11038
191.7,11120
192.8,11144
193.9,11198
195.0,11303
196.1,11331
197.2,11463
198.3,11496
199.4,11556
200.5,11619
201.6,11696
202.7,11815
203.8,11871
204.9,11956
206.0,11980
207.1,12051
208.69,12362
209.79,12220
210.89,12285
211.99,12346
213.09,12379
214.19,12470
215.29,12530
216.39,12595
217.49,12641
218.59,12712
219.69,12809
220.79,12861
221.89,12961
222.99,12992
224.09,13060
225.19,13169
226.29,13192
227.39,13276
228.49,13273
229.59,13396
230.69,13442
231.79,13553
232.89,13578
233.99,13611
235.09,13616
236.19,13623
