0,0
1.12,0
2.22,0
3.32,0
4.42,0
5.52,0
6.62,0
7.72,0
8.82,0
9.95,0
11.05,0
12.55,49408
13.65,9
14.75,20
15.85,51
16.95,85
18.05,113
19.15,128
20.25,128
21.35,146
22.45,150
23.55,49562
24.68,230
25.78,259
26.88,260
27.98,320
29.08,400
30.18,424
31.28,461
32.38,495
33.51,536
34.61,564
35.74,602
36.84,631
37.94,676
39.04,703
40.14,734
41.24,764
42.34,806
43.84,834
44.94,868
46.04,914
47.14,939
48.24,994
49.34,1005
50.43,1026
51.53,1003
52.63,1045
53.73,1045
54.83,1086
55.93,1089
57.03,1140
58.13,1158
59.23,1187
60.33,1218
61.43,1255
62.53,1288
63.63,1281
64.73,1374
65.83,1316
66.93,1406
68.03,1401
69.13,1418
70.23,1472
71.33,1510
72.43,1532
73.53,1531
74.63,1542
75.73,1554
76.83,1564
77.93,1559
79.03,23065
80.16,1555
81.26,1649
82.39,1555
83.49,1535
84.59,1545
85.69,1593
86.79,1569
87.89,1637
89.48,1715
90.58,1601
91.68,1730
92.78,1682
93.88,1762
94.98,1735
96.08,1782
97.18,1803
98.28,1837
99.38,1836
100.48,1874
101.58,1901
102.68,1938
103.78,1974
104.88,2027
105.98,2028
107.08,2078
108.18,2143
109.28,2172
110.38,2208
111.48,2276
112.58,2266
113.68,2341
114.78,2377
115.88,2334
116.98,2393
118.08,2384
119.18,2415
120.28,2420
121.38,2468
122.48,2533
124.06,2745
125.16,2640
126.26,2717
127.36,2740
128.46,2822
129.56,2826
130.66,2942
131.76,2976
132.86,3059
133.96,3085
135.06,3163
136.16,3201
137.26,3261
138.36,3254
139.46,3354
140.56,3406
141.66,3391
142.76,3427
143.86,3486
144.96,3479
146.06,3552
147.16,3553
148.26,3656
149.36,3650
150.46,3735
151.56,3728
153.15,3862
154.25,3860
155.35,3914
156.45,3976
157.55,4007
158.65,4016
159.75,3990
160.85,4041
161.95,4046
163.05,4028
164.15,4063
165.25,4048
166.35,4116
167.45,4141
168.55,4193
169.65,4254
170.75,4291
171.85,4348
172.95,4434
174.05,4481
175.15,4446
176.25,4504
177.35,4486
178.45,4514
179.55,4536
180.65,4574
181.75,4611
183.25,11433
184.35,4748
185.45,4796
186.55,4829
187.65,4897
188.75,4881
189.85,4958
190.95,5026
192.05,5072
193.15,5104
194.25,5110
195.35,5123
196.45,5118
197.55,5132
