0,0
1.13,0
2.23,0
3.33,0
4.43,0
5.53,0
6.63,0
7.73,0
8.83,0
9.93,0
11.43,0
12.53,0
13.63,0
14.73,0
15.83,0
16.93,0
18.03,12
19.13,0
20.23,132
21.33,142
22.43,240
23.53,285
24.63,382
25.73,488
26.83,516
27.93,613
29.03,654
30.13,767
31.23,799
32.33,929
33.43,980
34.53,1058
35.63,1128
36.76,1222
37.86,1324
38.96,1383
40.06,1497
41.16,1556
42.25,1647
43.35,1685
44.45,1770
45.55,1884
46.65,1938
47.75,2030
48.85,2136
49.98,2207
51.08,2291
52.18,2347
53.28,2428
54.38,2559
55.48,2616
56.58,2676
57.68,2746
58.78,2790
59.88,2900
60.98,2979
62.08,3072
63.18,3127
64.28,3190
65.38,3263
66.48,3348
67.58,3426
68.68,3531
69.78,3616
70.88,3661
71.98,3744
73.08,3758
74.18,3861
75.28,3897
76.38,3998
77.48,4111
78.57,4220
79.67,4278
80.77,4383
81.87,4444
82.97,4561
84.07,4540
85.17,4665
86.27,4669
87.37,4764
88.47,4833
89.57,4903
90.67,5091
91.77,5095
92.87,5253
93.97,5240
95.07,5348
96.17,5418
97.27,5466
98.37,5563
99.47,5611
100.57,5635
101.67,5752
102.77,5802
103.87,5960
104.97,6002
106.07,6109
107.17,6167
108.27,6270
109.37,6313
110.47,6369
111.57,6432
112.67,6540
113.77,6579
114.87,6631
115.97,6699
117.07,6745
118.17,6828
119.27,6980
120.37,7009
121.47,7142
122.57,7152
123.67,7258
124.77,7328
125.87,7418
126.97,7436
128.07,7566
129.17,7537
130.27,7587
131.37,7668
132.47,7740
133.57,7831
134.67,7902
135.77,8004
136.87,7997
137.97,8135
139.07,8174
140.17,8217
141.67,8428
142.77,8438
143.87,8466
144.97,8540
146.47,0
147.6,8669
148.7,8793
149.8,8793
150.9,8907
152.0,8946
153.1,9063
154.2,9108
155.3,9180
156.4,9204
157.5,9261
158.6,9299
159.7,9378
160.8,9452
161.9,9573
163.0,9646
164.1,9648
165.2,9763
166.3,9779
167.4,9861
168.5,9876
169.6,9982
170.7,10056
171.8,10130
172.9,10177
174.0,10234
175.1,10240
176.2,10420
177.3,10420
178.4,10549
179.5,10581
180.6,10593
181.7,10616
