0,0
1.14,2
2.24,3
3.34,4
4.44,4
5.54,4
6.64,0
7.74,0
8.84,0
10.34,137
11.44,104
12.54,174
13.64,274
14.74,323
15.84,395
16.94,499
18.04,583
19.14,694
20.24,780
21.34,864
22.44,968
23.54,1080
24.64,1195
25.74,1301
26.84,1401
27.94,1532
29.53,1704
30.63,1781
31.73,1868
32.83,1978
33.93,2063
35.03,2171
36.13,2285
37.23,2399
38.33,2467
39.43,2551
40.53,2645
41.63,2741
42.82,2850
43.92,2941
45.02,3041
46.12,3142
47.22,3227
48.32,3314
49.42,3451
50.52,3604
51.62,3698
52.72,3818
53.82,3911
54.92,3951
56.02,4051
57.12,4156
58.22,4277
59.32,4402
60.42,4504
61.52,4609
62.62,4717
63.72,4775
64.82,4856
65.92,4957
67.02,5056
68.12,5145
69.22,5229
70.32,5316
71.42,5426
72.52,5530
73.62,5611
74.72,5691
75.82,5820
76.92,5906
78.02,6013
79.12,6116
80.22,6232
81.32,6356
82.42,6421
83.55,6566
84.65,6690
85.75,6786
86.85,6878
87.95,6983
89.05,7112
90.15,7145
91.25,7228
92.35,7347
93.45,7421
94.55,7524
95.65,7619
96.74,7687
97.84,7789
98.94,7886
100.04,7998
101.14,8058
102.24,8156
103.34,8294
104.44,8365
105.57,8462
106.67,8566
107.77,8671
108.87,8798
109.97,8899
111.07,8991
112.17,9086
113.27,9171
114.37,9271
115.47,9341
116.57,9461
117.67,9574
118.8,9672
119.9,9747
121.0,9834
122.1,9927
123.2,10028
124.3,10096
125.4,10203
126.5,10278
127.6,10362
128.7,10500
129.8,10585
130.9,10659
132.0,10766
133.1,10829
134.69,10976
135.79,11069
136.89,11172
138.48,12778
139.58,11333
140.68,12010
141.81,11506
142.91,11622
144.01,11795
145.55,20005
146.65,11973
147.75,12046
148.85,12143
149.95,12221
151.05,12342
152.15,12465
153.25,12555
154.35,12606
155.45,12770
156.55,12840
157.65,12952
158.75,13042
159.85,13088
160.95,13210
162.05,13284
163.15,13404
164.25,13476
165.35,13569
166.45,13634
167.55,13739
168.65,13808
169.75,13912
170.85,13999
172.35,14688
173.45,14312
174.55,14391
175.65,14520
176.75,14568
177.85,14649
178.95,14741
180.05,14849
181.15,14893
182.28,14996
183.38,15091
184.48,15160
185.58,15259
186.68,15340
187.78,15428
188.88,15522
189.98,15656
191.11,15714
192.21,15843
193.31,15934
194.41,16010
195.51,22854
196.64,16215
197.74,16318
198.84,16411
199.94,16493
201.04,16565
202.14,16650
203.24,16731
204.34,16830
205.44,16906
206.54,17038
207.64,17123
208.74,17236
209.84,17313
210.94,17432
212.04,17553
213.14,17657
214.24,17753
215.34,17814
216.44,17910
217.54,17970
218.64,18058
219.74,18168
220.84,18267
221.94,18351
223.44,18456
225.03,18588
226.13,18606
227.23,18729
228.33,18878
229.43,18998
230.53,19072
231.63,19108
232.73,19129
233.83,19136
234.93,19141
