0,0
1.18,0
2.28,0
3.38,0
4.48,0
5.58,0
6.68,0
7.78,0
8.88,1
9.98,38
11.08,94
12.18,152
13.28,215
14.38,280
15.48,365
16.58,453
17.68,545
18.78,643
19.88,670
20.98,823
22.08,913
23.18,1025
24.28,1130
25.38,1233
26.48,1321
27.58,1436
28.68,1534
29.78,1618
30.88,1700
31.98,1833
33.08,1899
34.18,1989
35.28,2077
36.38,2175
37.48,2261
38.58,2366
40.08,2497
41.18,2577
42.28,2639
43.38,2742
44.48,2807
45.58,2926
46.67,2992
47.77,3095
48.87,3187
49.97,3281
51.07,3368
52.17,3414
53.27,3515
54.37,3619
55.47,3716
56.57,3822
58.07,3954
59.17,49504
60.3,4088
61.4,4162
62.5,4264
63.6,4378
64.7,4443
65.8,4550
66.9,4595
68.0,4736
69.1,4766
70.2,4904
71.38,4962
72.48,5091
73.58,5170
74.68,5245
75.78,5368
76.88,5449
77.98,5536
79.08,5601
80.18,5676
81.28,5785
82.38,5866
83.48,5948
84.58,6068
85.68,6162
86.78,6224
87.88,6295
88.98,6376
90.08,6469
91.18,6544
92.28,6656
93.38,6718
94.48,6832
95.58,6900
96.68,6975
97.78,7061
98.88,7167
99.98,7251
101.08,7338
102.18,7445
103.28,7484
104.38,7603
105.48,7672
106.58,7756
107.68,7828
108.78,7914
109.88,7990
110.98,8080
112.08,8155
113.18,8255
114.28,8325
115.38,8419
116.48,8500
117.58,8596
118.68,8720
119.78,8797
120.88,8870
122.38,8957
123.48,9071
124.58,9129
125.68,9225
126.78,9285
127.88,9371
128.98,9438
130.08,9526
131.18,9581
132.28,9685
133.38,9758
134.48,9846
136.07,9944
137.17,10095
138.27,10146
139.37,10199
140.47,10241
141.57,10317
142.67,10359
143.77,10486
144.87,10613
145.97,10731
147.07,10819
148.17,10887
149.27,10972
150.37,11032
151.47,11138
152.57,11213
153.67,11311
154.77,11384
155.87,11443
156.97,11536
158.07,11621
159.17,11721
160.27,11823
161.37,11905
162.47,11971
163.57,12037
164.67,12135
165.77,12194
166.87,12269
167.97,12324
169.07,12408
170.17,12522
171.27,12570
172.37,12645
173.47,12762
174.57,12831
175.67,12902
176.77,12980
177.87,13041
178.97,13121
180.07,13204
181.17,13283
182.27,13370
183.37,13402
184.5,13491
185.6,13568
186.7,13665
187.8,13723
188.9,13790
190.0,13884
191.1,13981
192.2,14073
193.3,14178
194.4,14269
195.5,14386
196.6,14465
197.7,14561
198.8,14629
199.9,14754
201.0,14817
202.1,14887
203.2,14997
204.3,15080
205.4,15183
206.5,15276
207.6,15369
208.7,16029
210.24,15569
211.34,15681
212.44,15749
213.54,15829
214.64,15930
215.74,16011
216.84,16138
217.94,16206
