0,0
1.11,0
2.21,0
3.31,0
4.41,0
5.51,0
6.61,0
8.11,0
9.21,0
10.31,0
11.41,0
12.54,0
13.64,3
14.74,45
15.84,107
16.94,203
18.04,267
19.14,354
20.24,465
21.34,536
22.44,669
23.54,729
24.64,882
25.74,966
26.84,1061
27.94,1138
29.04,1260
30.14,1341
31.24,1466
32.37,1588
33.47,1691
34.57,1791
35.67,1900
36.77,1985
37.87,2081
38.97,2151
40.07,2265
41.17,2300
42.27,2420
43.37,2536
44.47,2621
45.57,2710
46.67,2803
47.77,2890
48.87,2993
49.97,3116
51.07,3240
52.17,3342
53.27,3445
54.37,3537
55.47,3604
56.57,3686
58.16,3829
59.26,3917
60.36,4007
61.46,4115
62.56,4195
63.66,4285
64.76,4387
65.86,4487
66.96,4606
68.06,4682
69.16,4795
70.26,4914
71.36,5007
72.46,5105
73.56,5210
74.66,5290
75.76,5394
76.86,5469
77.96,5548
79.06,5643
80.16,5721
81.26,5827
82.36,5934
83.46,6032
84.56,6125
85.66,6188
86.76,6271
87.86,6389
88.96,6474
90.06,6537
91.16,6631
92.26,6734
93.36,6806
94.46,6906
95.56,7030
96.66,7121
97.76,7216
98.86,7341
99.96,7415
101.06,7511
102.16,7626
103.26,7721
104.36,7783
105.46,7843
106.56,7979
107.66,8073
108.76,8183
109.86,8284
110.96,8378
112.06,8473
113.16,8520
114.26,8638
115.76,8746
116.86,8861
117.96,8946
119.06,9046
120.16,9133
121.26,9233
122.36,9330
123.46,9431
124.56,9523
125.66,9577
126.76,9694
127.86,9776
128.96,9883
130.06,10029
131.16,10102
132.26,10168
133.36,10242
134.46,10328
135.56,10460
136.66,10576
137.75,10674
138.85,10754
139.95,10869
141.05,10963
142.15,11049
143.25,11154
144.35,11184
145.45,11299
146.55,11385
147.65,11476
148.75,11583
149.85,11706
150.95,11838
152.05,11939
153.15,12004
154.25,12101
155.35,12194
156.45,12262
157.55,12332
158.65,12401
159.75,12476
160.85,12561
161.95,12695
163.05,12821
164.15,12965
165.25,13023
166.75,13154
167.85,13248
168.95,13331
170.05,13417
171.15,13487
172.25,13577
173.35,13655
174.45,13785
175.55,13902
176.65,14028
177.75,14107
178.85,14212
179.95,14265
181.05,14369
182.15,14450
183.25,14548
184.35,14621
185.45,14722
186.55,14789
187.65,14878
188.75,14953
189.85,15020
190.98,15150
192.08,15219
193.18,15298
194.28,15385
195.38,15478
196.48,15569
197.58,15664
198.68,15769
199.78,15872
200.88,15936
201.98,16044
203.08,16151
204.18,16255
205.28,16321
206.38,16406
207.48,16480
208.58,16569
209.68,16655
210.78,16751
211.88,16815
212.98,16885
214.08,16966
215.18,17049
216.28,17141
217.38,17223
218.48,17352
219.58,17409
220.68,17491
221.78,17566
223.28,24714
224.38,17823
225.48,17873
226.58,17892
227.68,17907
228.78,17914
