0,0
1.13,2
2.22,2
3.32,2
4.42,2
5.52,3
6.62,4
7.72,4
8.82,4
9.92,4
11.02,4
12.12,5
13.22,5
14.32,4
15.42,5
16.52,0
17.62,9
18.72,9
19.82,9
20.92,9
22.02,10
23.12,14
24.22,15
25.32,16
26.42,17
27.52,19
28.62,22
29.72,24
30.82,30
31.92,45
33.02,65
34.52,90
35.62,115
36.72,142
38.31,182
39.41,221
40.51,258
41.61,293
42.71,321
43.81,280
44.91,368
46.01,389
47.11,412
48.21,440
49.31,467
50.41,510
51.51,544
52.61,571
53.71,601
54.81,631
55.91,662
57.01,694
58.11,727
59.21,764
60.31,793
61.41,818
62.51,844
64.1,1011
65.2,929
66.3,956
67.4,985
68.5,1017
69.6,1118
70.7,1156
71.8,1168
72.9,1206
74.49,8344
75.59,1366
76.69,1426
77.79,1491
78.89,1568
79.99,1639
81.09,1708
82.19,1773
83.29,1837
84.39,1899
85.49,1976
86.99,2089
88.09,2162
89.27,2218
90.37,2270
91.47,2350
92.57,2434
93.67,2511
94.77,2590
95.87,2649
96.97,2707
98.07,2764
99.17,2866
100.27,2990
101.37,3090
102.47,3166
103.57,3229
104.67,3284
105.77,3341
107.36,3443
108.46,3508
109.56,3573
110.66,3637
111.76,3686
112.86,3860
113.96,4066
115.55,4250
116.65,4369
117.75,4473
118.85,4531
119.95,4642
121.05,4732
122.15,4816
123.25,4895
124.35,4994
125.45,5042
126.55,5104
127.65,5171
128.75,5236
129.85,5305
130.95,5390
132.05,5460
133.55,11172
134.65,5614
135.75,5692
136.85,5762
137.95,5851
139.05,5909
140.15,5978
141.25,6055
142.35,6130
143.45,6189
144.55,6280
145.65,6343
146.75,6420
147.85,6511
148.95,6563
150.05,6638
151.15,6712
152.25,6784
153.35,6854
154.45,6924
155.55,6985
156.65,7076
158.15,7158
159.25,7239
160.35,7306
161.45,7393
162.55,7469
164.09,4317
165.22,7663
166.32,7725
167.42,7802
168.52,7885
169.62,7938
170.72,7992
171.82,8017
172.92,8040
174.02,8073
175.12,8097
176.22,8168
177.32,8204
178.42,8232
179.52,8268
180.62,8276
181.72,8282
182.82,8287
183.92,8290
185.02,8288
186.12,8286
187.22,8285
