0,0
1.13,0
2.23,0
3.33,0
4.43,0
5.53,0
7.12,0
8.22,0
9.32,0
10.42,0
11.52,0
12.62,0
13.72,0
14.82,0
15.92,0
17.02,0
18.12,0
19.22,0
20.32,15
21.42,56
22.52,90
23.62,134
24.72,174
25.82,211
26.92,254
28.02,287
29.12,331
30.22,400
31.32,472
32.42,544
33.52,619
34.62,675
35.72,716
36.82,756
37.92,822
39.02,884
40.12,956
41.22,1023
42.32,1078
43.42,1154
44.52,1218
45.62,1285
46.72,1344
47.82,1406
48.92,1480
50.02,1552
51.12,1628
52.22,1728
53.32,1837
54.42,1920
56.01,2058
57.11,2108
58.21,2188
59.31,2272
60.41,2329
61.51,2383
62.61,2447
63.71,2503
65.21,2599
66.31,2686
67.41,2775
68.51,2882
69.61,2953
70.71,3039
71.81,3103
72.91,3155
74.01,3232
75.11,3299
76.21,3362
77.31,3440
78.41,3503
79.51,3586
80.61,3684
81.71,3778
82.81,3845
83.91,3930
85.01,3989
86.11,4072
87.7,7504
88.8,4196
89.9,4265
91.0,4333
92.1,4441
93.2,4568
94.3,4684
95.4,4764
96.5,4867
97.6,4928
98.7,5031
99.8,5071
100.9,5144
102.0,5206
103.1,5270
104.2,5350
105.3,5405
106.4,5486
107.5,5556
108.6,5618
109.7,5696
110.8,5770
111.9,5844
113.0,5901
114.1,5989
115.2,6045
116.3,6130
117.4,6173
118.9,17142
120.0,6347
121.1,6400
122.2,6482
123.3,6560
124.4,6630
125.5,6695
126.6,6774
127.7,6832
128.8,6899
129.9,6962
131.0,7028
132.1,7098
133.2,7177
134.3,7236
135.4,7319
136.5,7378
137.6,7445
138.7,7511
139.8,7602
140.93,7655
142.03,7748
143.13,7795
144.23,7864
145.33,7930
146.43,7989
147.53,8034
148.63,8104
149.73,8164
150.83,8258
151.93,8321
153.03,8434
154.13,8467
155.23,8498
156.33,8505
