0,0
1.17,0
2.27,0
3.37,0
4.47,0
5.57,0
6.67,1
7.77,0
8.87,0
9.97,0
11.07,0
12.17,0
13.27,0
14.37,0
15.47,22
16.57,45
17.67,75
18.77,96
20.27,0
21.4,124
22.5,142
23.6,189
24.7,204
25.8,248
26.9,302
28.0,359
29.1,388
30.2,401
31.3,463
32.4,535
33.5,635
34.6,681
35.7,702
36.8,769
37.9,844
39.0,933
40.1,948
41.2,986
42.3,1036
43.4,1118
44.5,1220
45.6,1282
47.1,1366
48.2,1412
49.3,1423
50.4,1461
51.5,1556
52.6,1660
53.7,1723
54.8,1801
55.9,1861
57.0,1862
58.1,1882
59.2,1970
60.3,2068
61.4,2147
62.5,2213
63.6,2275
64.7,2283
65.8,2324
66.9,2394
68.0,2473
69.1,2536
70.2,2569
71.3,2569
72.4,2630
73.5,2716
74.6,2791
75.7,2858
76.8,2861
77.9,2920
78.99,2990
80.09,3063
81.19,3122
82.29,3127
83.39,3155
84.49,3188
85.59,3284
86.69,3379
87.79,3456
88.97,3542
90.07,3627
91.17,3776
92.3,3880
93.4,3987
94.5,4054
95.6,4094
96.7,4123
97.8,4165
98.9,4232
100.0,4333
101.1,4414
102.2,4493
103.3,4559
104.4,4602
105.5,4672
106.6,4721
107.7,4792
108.8,4852
109.9,4925
111.0,4992
112.1,5049
113.2,5080
114.3,5165
115.4,5241
116.5,5284
117.6,5374
118.7,5391
120.2,5477
121.3,5564
122.8,5616
123.9,5710
125.0,5780
126.1,5847
127.2,5927
128.3,5979
129.4,6044
130.5,6104
131.6,6149
132.7,6232
133.8,6297
134.9,6357
136.0,6436
137.59,6605
138.69,6591
139.79,6626
140.89,6647
141.99,6735
143.09,6782
144.19,6901
145.29,6900
146.39,6912
147.49,6921
148.59,6920
