0,0
1.11,0
2.21,0
3.31,0
4.41,0
5.51,0
6.61,0
7.71,0
8.81,0
9.91,0
11.01,0
12.11,0
13.21,0
14.31,0
15.41,0
16.51,0
17.61,0
18.71,0
19.81,20
20.91,43
22.01,78
23.11,119
24.7,178
25.8,234
26.9,289
28.0,345
29.1,417
30.2,467
31.3,555
32.4,638
33.5,712
34.6,783
35.7,835
36.8,916
37.9,999
39.0,1068
40.1,1165
41.2,1252
42.3,1311
43.4,1381
44.5,1471
45.6,1559
46.7,1609
47.8,1679
48.9,1740
50.0,1841
51.1,1914
52.2,1974
53.3,2047
54.4,2108
55.5,2191
56.6,2298
57.7,2358
59.2,2450
60.3,2512
61.4,2601
62.5,2674
63.6,2750
64.7,2787
65.8,2820
66.9,2869
68.0,2899
69.1,2935
70.2,2983
71.3,3021
72.4,3047
73.5,3076
74.6,3109
75.7,3144
76.8,3174
77.9,3200
79.0,3234
80.1,3264
81.2,3296
82.3,3324
83.4,3341
84.5,3376
85.6,3418
86.7,3453
87.8,3479
88.9,3517
90.0,3549
91.1,3584
92.2,3617
93.3,3654
94.4,3678
95.5,3711
96.6,3737
97.7,3769
98.8,3799
99.9,3828
101.0,3860
102.1,3898
103.2,3935
104.3,3966
105.49,3999
106.59,4035
107.69,4065
108.79,4091
109.89,4128
110.99,4166
112.09,4189
113.19,4224
114.29,4248
115.39,4277
116.49,4306
117.59,4345
118.69,4377
119.79,4409
120.89,4440
121.99,4472
123.09,4509
124.19,4543
125.29,4587
126.39,4619
127.49,4655
128.59,4691
129.69,4717
130.79,4730
131.89,4751
132.99,4771
134.09,4801
135.19,4834
136.29,4853
137.39,4914
138.89,4960
139.99,5028
141.09,5073
142.19,5105
143.29,5128
144.39,5197
145.49,5318
146.59,5418
147.69,5494
148.79,5602
149.89,5689
150.99,5739
152.09,5787
153.19,5857
154.29,5921
155.39,6006
156.49,6081
157.59,6150
158.69,6193
159.79,6279
160.89,6374
161.99,6438
163.09,6511
164.19,6585
165.29,6670
166.39,6721
167.49,6767
168.59,6854
169.69,6957
170.79,7020
171.89,7098
172.99,7178
174.09,7271
175.19,7316
176.29,7383
177.39,7437
178.49,7499
179.59,7549
180.69,7614
181.79,7694
182.89,7826
183.99,7941
185.09,8014
186.19,8104
187.29,8177
188.39,8250
189.49,8332
190.59,8396
191.69,8423
192.79,8494
193.89,8595
194.99,8668
196.12,8718
197.22,8799
198.32,8840
199.42,8900
200.52,8951
201.62,9197
202.75,9144
203.85,9247
204.95,9314
206.05,9353
207.15,9416
208.25,9494
209.35,9556
210.45,9618
211.55,9684
212.65,9757
213.75,9844
214.85,9900
215.95,9980
217.05,10054
218.15,10147
219.25,10218
220.35,10258
221.45,10335
222.55,10426
223.65,10487
224.75,10545
225.85,10608
226.95,10697
228.05,10815
229.15,10889
230.25,10920
231.35,10975
232.45,10951
233.55,10956
234.65,10962
