0,0
1.1,0
2.2,0
3.3,1
4.4,2
5.5,2
6.6,3
7.7,3
8.8,5
9.9,0
11.0,9
12.1,31
13.2,52
14.3,84
15.4,120
16.5,180
17.6,225
18.7,283
19.8,346
20.9,427
22.0,489
23.1,558
24.2,657
25.3,718
26.4,774
27.5,843
28.6,900
29.7,987
30.8,1060
31.9,1133
33.0,1213
34.1,1283
35.2,1337
36.3,1384
37.89,29448
38.99,1584
40.49,1623
41.59,1662
42.69,1671
43.79,1700
44.89,1727
45.99,1758
47.09,1792
48.19,1824
49.29,1846
50.39,1869
51.49,1902
53.08,1936
54.18,1965
55.28,2001
56.38,2021
57.48,2030
58.58,2048
59.68,2063
60.78,2076
61.88,2105
62.98,2127
64.08,2176
65.18,2197
66.28,2228
67.38,2258
68.48,2293
69.58,2325
70.68,2354
71.78,2375
72.88,2413
73.98,2427
75.08,2454
76.18,2455
77.28,2468
78.38,2466
79.48,2482
80.58,2504
81.68,2557
82.78,2603
83.88,2661
84.98,2718
86.08,2760
87.18,2827
88.28,2880
89.38,2946
90.48,3003
91.58,3083
92.68,3128
93.78,3159
94.88,3167
95.98,3172
97.08,3201
98.18,3214
99.28,3237
100.38,3254
101.48,3285
102.58,3074
103.68,3376
104.78,3420
105.88,3476
106.98,3543
108.08,3581
109.18,3595
110.28,3623
111.38,3642
112.48,3659
113.58,3693
114.68,3727
115.78,3781
116.88,3822
117.98,3854
119.08,3904
120.18,3978
121.28,3982
122.38,4025
123.97,0
125.07,4068
126.17,4060
127.27,4082
128.37,4101
129.47,4125
130.57,4163
131.67,4216
132.8,4245
133.9,4306
135.0,4366
136.1,4398
137.2,4463
138.3,4518
139.4,4569
140.5,4609
141.6,4708
142.7,4734
143.8,4801
144.9,4841
146.0,4857
147.1,4912
148.2,4923
149.3,4947
150.4,4960
151.5,5002
152.6,5030
153.7,5073
154.8,5118
155.9,5169
157.0,5229
158.1,5259
159.2,5347
160.3,5391
161.4,5445
162.5,5462
163.6,5476
164.7,5481
165.8,5472
166.9,5490
168.0,5494
169.1,5508
170.2,5531
171.3,5563
172.4,5606
173.5,5651
174.6,5692
175.7,5756
176.8,5828
177.9,5880
179.0,5948
180.1,5999
181.2,6040
182.3,6094
183.4,6172
184.5,6211
185.6,6284
186.7,6344
187.8,6424
188.9,6451
190.0,6475
191.1,6468
192.2,6488
193.3,6486
194.4,6500
195.5,6498
