0,0
1.1,22
2.2,22
3.3,22
4.4,21
5.5,22
6.6,23
7.7,20
8.8,32
9.9,30
11.0,59
12.1,68
13.2,107
14.3,130
15.4,178
16.5,227
17.6,272
18.7,316
19.8,372
20.9,420
22.0,500
23.1,537
24.2,588
25.3,0
26.4,698
27.5,758
28.6,839
29.7,875
30.8,944
31.9,994
33.0,1049
34.1,1111
35.2,1164
36.3,1233
37.4,1299
38.5,1373
39.6,1422
40.7,1487
41.8,1524
42.9,1581
44.0,1630
45.1,1682
46.2,1746
47.3,1783
48.4,1848
49.5,1902
50.6,1977
51.7,2030
52.8,2104
53.9,2138
55.0,2222
56.99,0
58.12,2350
59.22,2436
60.32,2561
61.42,2621
62.52,2686
63.62,2763
64.72,2836
65.82,2870
66.92,2982
68.02,3046
69.12,3148
70.22,3257
71.32,3377
72.42,3466
73.52,3565
74.62,3627
75.72,3668
76.82,3788
77.92,3907
79.02,3990
80.12,4017
81.22,4042
82.32,4058
83.42,4051
84.52,4078
85.62,4089
86.72,4078
88.22,4135
89.32,4119
90.42,4124
91.52,4137
92.7,4145
93.8,4146
94.9,4153
96.0,4162
97.1,4169
98.2,4181
99.3,4183
100.4,4186
101.5,4202
102.6,4214
103.7,4213
104.8,4218
105.9,4233
107.0,4246
108.1,4257
109.2,4261
110.3,4273
111.4,4274
112.5,4279
113.6,4305
114.7,4298
115.8,4316
116.9,4342
118.0,4347
119.1,4355
120.2,4367
121.3,4387
122.4,4408
123.5,4460
124.6,4490
125.7,4530
126.8,4578
127.9,4610
129.0,4644
130.1,4699
131.2,4741
132.3,4780
133.4,4827
134.5,4862
135.6,4888
136.7,4928
137.8,4972
138.9,5041
140.0,5084
141.1,5106
142.2,5167
143.3,5250
144.4,5292
145.5,13174
146.63,5357
147.73,5370
148.83,5386
149.93,5393
151.03,5398
