0,0
1.19,0
2.29,0
3.39,0
4.49,0
5.59,0
6.69,0
7.79,0
8.89,0
9.99,0
11.09,601
12.19,3533
13.29,16021
14.39,22626
15.49,27625
16.59,44789
17.69,54489
18.79,66096
19.89,84756
20.99,88744
22.09,97380
23.19,109829
24.29,123410
25.39,141444
26.49,145799
27.59,147820
28.69,144445
29.79,142748
30.89,139786
31.99,140959
33.09,143996
34.19,146799
35.29,147677
36.39,148394
37.49,147103
38.59,144952
39.69,143413
40.79,163494
41.92,143772
43.02,144192
44.12,145258
45.22,146263
46.32,146170
47.42,145679
48.52,145252
49.62,144931
50.72,144472
51.82,144374
52.92,144746
54.02,145151
55.12,145200
56.22,145340
57.32,145355
58.42,145225
59.52,426578
60.65,144893
61.75,144896
62.85,144905
63.95,144904
65.05,144961
66.15,145068
67.25,145042
68.35,145052
69.45,145080
70.55,145035
72.05,153511
73.15,144996
74.25,144944
75.35,144983
76.45,144935
77.55,144970
78.65,144866
79.75,144913
80.85,144836
81.95,144955
83.05,144995
84.15,143619
85.25,142483
86.35,144169
