0,0
1.17,198
2.27,206
3.37,236
4.47,190
5.57,294
6.67,256
7.77,229
8.87,270
9.97,253
11.56,226
12.66,207
13.76,2942
14.86,9527
15.96,21278
17.06,36535
18.16,49370
19.26,54540
20.36,62188
21.46,77596
22.56,90446
23.66,98965
24.76,118225
25.86,131775
26.96,136526
28.06,148718
29.16,170565
30.26,186039
31.36,190047
32.46,192734
33.56,191954
34.66,188855
35.76,189981
36.86,191026
37.96,192439
39.06,194429
40.16,197244
41.26,197571
42.36,196506
43.46,195412
44.56,194703
45.66,193551
46.76,192856
47.86,193296
48.96,194308
50.06,194926
51.16,195276
52.26,195760
53.36,195866
54.46,195346
55.56,194712
56.66,194548
57.76,194460
58.86,194421
59.96,194596
61.06,194910
62.16,195238
63.26,195321
64.36,195267
65.46,195318
66.56,195196
67.66,194991
68.76,194838
69.86,194836
70.96,194917
72.06,194995
73.16,195114
74.26,195161
75.85,283161
76.95,195116
78.05,195104
79.15,195093
80.25,195175
81.35,195129
82.45,194871
83.55,195093
84.65,195088
85.75,195131
86.85,195059
87.95,195086
89.05,195079
90.15,195116
