0,0
1.13,0
2.23,0
3.33,3
4.43,0
5.53,23
6.63,6
7.73,2
8.83,72
9.93,254
11.03,127
12.13,229
13.23,296
14.33,471
15.43,574
16.53,884
17.63,1184
18.73,1478
19.83,1784
20.93,2002
22.52,2245
23.62,2413
24.72,2533
25.82,2816
26.92,3154
28.02,3144
29.12,3041
30.22,2995
31.32,3154
32.42,0
33.55,3163
34.65,3093
35.75,3158
36.85,3258
37.95,3257
39.05,3178
40.15,3166
41.25,3228
42.35,3276
43.45,3245
44.55,3207
45.65,3224
46.75,3268
47.85,3276
48.95,3251
50.05,3238
51.15,3263
52.25,3289
53.35,3285
54.45,3265
55.55,3269
56.65,3288
57.75,3298
58.85,3290
59.95,3281
61.05,3289
62.15,3303
63.74,3309
64.84,3301
65.94,87199
67.07,3296
68.17,3294
69.27,3298
70.77,3909
71.87,3296
72.97,3301
74.07,3301
75.17,3295
76.27,3293
77.37,3294
78.47,3297
79.57,3293
80.67,3288
81.77,3290
82.87,3291
83.97,3130
85.07,3139
86.17,3065
87.27,3071
88.37,3074
89.47,2996
90.57,3076
91.67,3080
92.77,3084
93.87,3087
94.97,3086
96.07,3089
97.16,3092
98.26,3091
99.36,3088
100.46,3086
101.56,3087
102.66,3087
103.76,3092
104.86,3096
105.96,3109
107.06,3104
108.16,3107
109.26,3088
110.36,3090
111.46,3090
112.56,3088
113.66,3099
114.79,3130
115.89,3098
