0,0
1.14,6
2.24,11
3.34,13
4.44,0
5.53,0
6.63,11
7.73,0
8.83,39
9.93,24
11.03,18
12.13,0
13.23,0
14.33,0
15.43,195
16.53,465
17.63,701
18.73,917
19.83,1227
20.93,1317
22.03,1559
23.13,1675
24.23,1641
25.33,1820
26.43,2243
27.53,2407
28.63,2431
29.73,2936
30.83,3095
31.93,3139
33.03,3549
34.13,3185
35.23,3658
36.33,3568
37.43,3493
38.53,3809
39.63,3531
40.73,3766
41.83,3715
42.93,3613
44.03,3857
45.13,3616
46.23,3710
47.33,3742
48.43,3619
49.53,3789
50.63,3685
51.73,3733
52.83,3789
53.93,50232
55.06,3812
56.16,3748
57.26,3776
58.36,3814
59.46,3767
60.56,3822
61.66,3808
