0,0
1.12,15
2.22,14
3.81,17
4.91,15
6.41,0
7.54,18
8.64,19
9.74,4
10.84,17
11.94,33
13.44,122
14.54,91
15.64,129
16.74,169
18.24,32109
19.83,336
20.93,418
22.03,519
23.12,570
24.22,675
25.32,718
26.42,768
27.52,898
28.65,888
29.75,950
30.85,1032
31.95,1127
33.05,1220
34.15,1271
35.25,1349
36.35,1411
37.45,1484
38.55,1542
39.65,1608
40.75,1679
41.85,1753
42.95,1828
44.05,1899
45.15,1973
46.25,16895
47.38,2157
48.48,2211
49.58,2270
50.68,2340
51.78,2405
52.91,2463
54.01,2537
55.11,2592
56.21,2658
57.8,17348
58.9,2833
60.0,2917
61.1,2976
62.2,3073
63.79,3150
64.89,3230
65.99,3288
67.09,3348
68.19,3408
69.29,3479
70.39,3547
71.49,3605
72.59,3675
73.69,3790
74.79,3855
75.89,3917
76.99,3973
78.09,4036
79.19,4099
80.29,1832
81.42,4225
82.52,4342
83.62,4410
84.72,4483
86.26,2137
87.36,4646
88.46,4725
89.56,4781
90.66,4838
91.76,4926
92.86,5035
93.96,5074
95.06,5134
96.16,5187
97.26,5302
98.36,5306
99.46,5400
100.56,5475
101.66,5588
102.76,5627
103.86,5714
104.96,5739
106.06,5799
107.16,5849
108.26,5934
109.36,6089
110.46,6068
111.56,6120
112.66,6209
113.76,6329
114.86,6390
115.96,6515
117.06,6499
118.16,6620
119.26,6741
120.36,6739
121.86,6803
122.96,6900
124.06,6954
125.16,7050
126.26,7091
127.36,7143
128.46,7220
129.56,7276
130.66,7418
131.76,7439
132.86,7526
134.36,7630
135.46,7705
136.56,7769
137.66,7835
138.76,7897
139.86,7977
140.96,8016
142.06,8090
143.16,8183
144.26,8227
145.36,8267
146.46,8337
147.56,8396
148.66,8454
149.76,8520
150.86,8644
152.36,8702
153.46,8787
154.56,8901
156.15,9176
157.25,9022
158.35,9149
159.45,9254
160.55,9289
161.65,9341
162.75,9376
163.85,9474
164.95,9524
166.05,9571
167.15,9670
168.25,9712
169.35,9839
170.45,9926
171.55,10001
172.65,10062
173.75,10120
174.85,10252
175.95,10303
177.05,10327
178.15,10381
179.25,10428
180.35,10488
181.45,10553
182.55,10616
183.65,10674
184.75,10747
185.85,10852
186.95,10906
188.05,10977
189.15,11085
190.25,11176
191.35,11208
192.45,11285
193.55,11368
195.14,11433
196.24,11491
197.34,11581
198.44,11590
199.54,11676
200.64,11736
201.74,11813
202.84,11896
203.94,11984
205.04,12019
206.14,12098
207.24,12124
208.34,12165
209.44,12174
210.54,12185
211.64,12194
212.74,12198
