0,0
1.55,7
2.65,3
3.75,2
4.85,3
5.95,4
7.05,4
8.15,5
9.25,5
10.35,7
11.45,7
12.55,9
13.65,18
14.75,32
15.85,88
16.95,81
18.05,77
19.15,126
20.25,150
21.35,170
22.45,217
23.55,229
24.65,373
25.75,289
26.85,395
27.95,460
29.05,514
30.15,479
31.25,507
32.35,550
33.48,602
34.58,599
35.68,599
36.78,787
37.96,673
39.06,716
40.16,746
41.26,781
42.36,855
43.95,854
45.05,803
46.15,810
47.25,811
48.35,851
49.45,861
50.55,856
51.65,880
52.75,884
53.85,884
54.95,893
56.05,926
57.15,955
58.25,968
59.35,1056
60.45,996
61.55,1045
63.05,1095
64.15,1166
65.25,1167
66.35,1232
67.45,1255
68.55,1752
69.65,1268
71.15,28683
72.25,1334
73.38,1342
74.48,1360
75.58,1389
77.17,1421
78.27,1424
79.37,1421
80.47,1498
81.57,1530
82.67,1571
83.77,1581
84.87,1554
85.97,1579
87.07,1612
88.17,1623
89.27,1621
90.37,1635
91.47,1662
92.57,1690
93.67,1697
94.77,1754
95.87,1799
96.97,1847
98.07,1887
99.17,1939
100.27,2017
101.37,2101
102.47,2187
103.57,2242
104.67,2241
105.77,2291
106.87,2319
107.97,2395
109.07,2397
110.17,2456
111.27,2516
112.37,2575
113.47,2600
114.57,2648
115.67,2655
116.77,2737
118.27,5106
119.37,2876
120.47,2891
121.57,2891
122.67,2924
123.77,2954
124.87,3012
125.97,3053
127.07,3000
128.17,3104
129.27,3194
130.37,3239
131.47,3292
132.57,3262
133.67,3309
134.77,3326
135.87,3363
136.97,3342
138.07,3392
139.17,3441
140.27,3453
141.37,3463
142.47,3506
143.97,3534
145.07,3596
146.17,3618
147.27,3682
148.37,3650
149.47,3779
150.57,3940
151.67,3804
152.77,3917
153.87,3953
154.97,3936
156.07,3955
157.17,3948
158.27,3958
159.37,3960
160.47,3968
161.57,3969
162.67,3969
163.77,3967
164.87,3950
165.97,3969
167.07,3965
168.17,4025
169.27,4044
170.37,4077
171.47,4127
172.57,4106
173.67,4234
174.77,4154
175.87,4226
176.97,4242
178.07,4314
179.17,4294
180.27,4305
181.37,4335
182.47,4351
183.57,4337
184.67,4372
186.26,4390
187.36,4404
188.46,4432
189.56,4489
190.66,4502
191.76,4525
192.86,4575
193.96,4636
195.06,4644
196.16,4670
197.26,4612
198.36,4680
199.46,4735
200.56,4803
201.66,4854
202.76,4862
203.86,4913
204.96,4926
206.14,4907
207.24,4919
208.34,4925
209.44,4933
210.54,4906
211.64,4951
212.74,4956
213.84,4998
215.43,5059
216.53,5069
217.63,5062
218.73,5134
219.83,5147
220.93,5189
222.03,5120
223.13,5216
224.71,5444
225.81,6709
226.94,5379
228.04,5488
229.14,5550
230.24,5556
231.34,5578
232.44,5630
233.54,5623
234.64,5605
235.74,5619
236.84,5617
237.94,5614
239.44,5628
240.54,5616
241.64,5607
242.74,5689
243.84,5658
244.94,5705
246.04,5761
247.14,5759
248.24,5826
249.34,5856
250.44,5876
251.54,5848
252.64,5880
253.74,5970
254.84,6022
255.94,6027
257.04,6143
258.14,6112
259.24,6311
260.34,6286
261.44,6290
262.54,6361
263.64,6376
265.54,0
266.64,6439
267.74,6440
268.84,6461
269.94,6494
271.04,6500
272.14,6507
273.24,6544
274.34,6570
275.44,6431
276.54,6481
277.64,6544
278.74,6633
279.84,6685
280.94,6718
282.04,6725
283.14,6766
284.24,6765
285.34,6765
286.44,6765
