0,0
1.17,0
2.27,0
3.37,0
4.47,0
5.57,0
6.67,0
7.77,0
8.87,0
9.97,0
11.07,10
12.17,0
13.27,10
14.37,85
15.47,102
16.57,66
17.67,14
18.77,41
19.87,51
20.97,121
22.07,138
23.17,248
24.27,304
25.37,332
26.47,383
27.57,444
28.67,429
29.77,642
30.87,451
31.97,475
33.07,487
34.17,519
35.27,531
36.37,625
37.47,657
38.57,671
39.67,675
40.77,905
41.87,760
42.97,768
44.07,792
45.17,838
46.27,955
47.37,973
48.47,0
49.6,1037
50.7,1146
51.8,1092
52.9,1728
54.03,1177
55.13,1209
56.23,1239
57.33,1292
58.43,1329
59.56,1449
60.66,1429
61.76,1388
62.86,1499
63.96,1538
65.06,1587
66.16,1626
67.26,1649
68.36,1691
69.46,1834
70.56,1749
71.66,1759
72.76,1839
73.86,1910
74.96,1980
76.06,2013
77.56,10552
78.66,2055
79.76,2146
80.86,2121
81.96,2152
83.06,2254
84.16,2283
85.26,2294
86.36,2314
87.46,2354
88.56,2397
89.66,2430
91.25,27297
92.35,2519
93.45,2554
94.55,2589
95.65,2665
96.75,2693
97.85,2728
98.95,2699
100.05,2799
101.15,2894
102.25,2858
103.35,2995
104.45,3002
105.55,3020
106.65,3031
107.75,3069
108.85,3123
109.95,3195
111.05,3227
112.15,3208
113.25,3260
114.35,3362
115.45,3323
116.55,3437
117.65,3431
118.75,3465
120.25,3488
121.35,3544
122.45,3574
123.55,3639
124.65,3680
125.75,3733
126.85,3780
127.95,3804
129.05,3849
130.15,3873
131.25,3907
132.35,3957
133.45,4005
134.55,4037
135.65,4068
136.75,4134
137.85,4195
138.95,4222
140.05,4232
141.15,4289
142.25,4221
143.35,4317
144.45,4375
145.55,4351
146.65,4454
147.75,4457
148.85,28688
149.98,4590
151.08,4631
152.18,4665
153.28,4688
154.38,4734
155.48,4721
156.58,4820
157.68,4922
158.78,4875
159.88,4996
160.98,5025
162.08,5092
163.18,5154
164.28,5195
165.38,5223
166.48,5282
167.58,5322
168.68,5383
169.78,5398
170.88,5442
171.98,5474
173.08,5485
174.18,5536
175.28,5583
176.38,5661
177.88,5726
179.47,5819
180.97,5935
182.07,5943
183.17,5994
184.67,7058
185.77,6060
186.87,6126
187.97,6178
189.07,6219
190.17,6244
191.27,6262
192.37,6276
193.47,6288
