0,0
1.17,2
2.27,3
3.37,3
4.47,4
5.57,4
6.67,4
7.77,4
8.87,4
9.97,0
11.07,0
12.17,9
13.27,44
14.37,72
15.47,105
16.57,147
17.67,198
18.77,253
19.87,301
20.97,365
22.07,446
23.17,519
24.27,598
25.37,679
26.47,782
27.57,830
28.67,915
29.77,1044
30.87,1129
31.97,1162
33.07,1189
34.17,1201
35.27,1212
36.37,1222
37.47,1235
38.57,1244
39.67,1255
40.77,1265
41.87,1276
42.97,1287
44.07,1297
45.17,1307
46.27,1317
47.37,1327
48.47,1336
49.57,1342
50.67,1350
51.77,1356
52.87,1342
54.0,1363
55.1,1370
56.2,1390
57.3,1392
58.4,1396
59.5,1414
60.6,1438
61.7,1463
62.79,1488
63.89,1533
64.99,1647
66.09,1681
67.19,1738
68.29,1794
69.39,1893
70.49,2009
71.59,2080
72.69,2112
73.79,2130
74.89,2140
75.99,2149
77.09,2154
78.19,2159
79.29,2164
80.39,2153
81.49,2179
82.59,2197
83.69,2227
84.79,2255
85.88,2286
86.98,2332
88.08,2388
89.18,2458
90.28,2548
91.38,2630
92.48,2711
93.58,2759
94.68,2855
95.78,2926
96.88,3001
97.98,3064
99.08,3136
100.18,3204
101.28,3276
102.38,3348
103.48,3447
104.58,3559
105.68,3631
106.78,3705
107.88,3793
108.98,3857
110.08,3913
111.18,3980
112.28,4094
113.38,4147
114.48,4207
115.58,4277
116.68,4353
117.78,4427
118.88,4499
119.98,4632
121.08,4723
122.18,4803
123.28,4872
124.38,4962
125.48,5022
126.58,5093
127.68,5135
128.78,5199
129.88,5273
130.98,5346
132.08,5418
133.18,5489
134.28,5561
135.38,5638
136.48,5709
137.58,5781
138.68,5854
139.78,5928
140.88,5995
141.98,6077
143.08,6165
144.18,6258
145.28,6393
146.38,6483
147.48,6561
148.58,6663
149.68,6736
150.78,6805
151.88,6885
152.98,6958
154.08,7027
155.18,7094
156.28,7157
157.38,7259
158.48,7336
159.58,7392
160.68,7450
161.78,7510
162.88,7569
163.98,7633
165.08,7697
166.18,7763
167.28,7828
168.38,7897
169.48,7968
170.58,8045
171.68,8207
172.78,8316
173.88,8390
174.98,8503
176.08,8577
177.18,8660
178.28,8716
179.38,8818
180.48,8868
181.58,8941
182.68,9024
183.78,9110
184.88,9177
185.98,9228
187.08,9295
188.18,9356
189.28,9436
190.38,9545
191.48,9611
192.58,9641
193.68,9658
194.78,9670
195.88,9679
196.98,9669
198.08,9681
199.18,9710
200.28,9732
201.38,9773
202.48,9846
203.58,9920
204.68,9945
205.78,10053
206.88,10190
207.98,10262
209.08,10296
210.18,10315
211.28,10329
212.38,10337
213.48,10343
214.58,10348
215.68,10352
216.78,10365
217.91,10362
219.01,10364
220.11,10366
221.21,10368
222.31,10371
223.41,10373
224.51,10375
225.61,10358
226.71,10382
227.81,10390
228.91,10423
230.01,10474
231.11,10538
232.21,10630
233.31,10693
234.41,10768
235.51,10821
236.61,10911
237.71,11010
238.81,11104
239.91,11188
241.01,11278
242.11,11400
243.21,11502
244.31,11624
245.41,11677
246.51,11787
247.61,11894
248.71,12023
249.81,12084
250.91,12165
252.01,12233
253.11,12331
254.21,12456
255.31,12563
256.41,12598
257.91,12637
259.01,12636
260.11,12663
261.21,12693
262.31,12742
263.5,12774
264.6,12837
265.7,12929
266.8,12980
268.3,24054
269.4,13028
270.5,13034
271.6,13039
272.7,13052
