0,0
1.13,5
2.23,4
3.33,5
4.43,4
5.53,5
6.63,4
7.73,4
8.83,4
9.93,4
11.47,0
12.57,5
13.67,4
14.77,4
15.87,5
16.97,5
18.07,5
19.17,6
20.27,7
21.37,6
22.47,0
23.57,2
24.67,28
25.77,52
26.87,88
27.97,120
29.07,167
30.17,213
31.27,266
32.37,313
33.47,391
34.57,424
35.67,498
36.77,543
37.87,622
39.0,663
40.1,754
41.2,815
42.3,905
43.4,975
44.5,1049
45.6,1171
46.7,1277
47.8,1398
48.9,1500
50.0,1603
51.1,1675
52.2,1727
53.3,1815
54.4,1866
55.5,1938
56.6,2007
57.7,2118
58.8,2177
59.9,2246
61.0,2314
62.1,2384
63.2,2454
64.7,2555
65.8,2643
66.9,2688
68.0,2741
69.1,2795
70.2,2861
71.3,2926
72.4,2996
73.5,3066
74.6,3138
75.7,3207
76.8,3285
77.9,3361
79.0,3467
80.1,3539
81.2,3608
82.3,3672
83.4,3781
84.5,3860
85.63,3927
86.73,3987
87.83,4044
88.93,4103
90.03,4163
91.13,4240
92.23,4315
93.33,4416
94.43,4472
95.53,4553
96.63,4609
97.73,4681
98.83,4741
99.93,4835
101.03,4927
102.13,5053
103.23,5138
104.33,5210
105.43,5295
106.53,5346
107.63,5451
108.73,5521
109.86,5548
110.96,5628
112.06,5685
113.16,5738
114.26,5811
115.36,5872
116.86,5961
117.96,6049
119.06,6130
120.16,6193
121.26,6271
122.36,6349
123.46,6423
124.56,6526
125.66,6625
126.76,6700
127.86,6788
128.96,6861
130.06,6923
131.16,7007
132.26,7069
133.36,7118
134.46,7193
135.56,7259
136.66,7325
137.76,7405
138.86,7468
139.96,7570
141.06,7670
142.16,7746
143.26,7827
144.36,7893
145.46,7960
146.56,8047
147.66,8109
148.76,8223
149.86,8269
150.96,8363
152.06,8425
153.16,8507
154.26,8577
155.36,8661
156.46,8707
157.56,8768
158.66,8829
159.76,8910
160.86,8988
161.96,9101
163.06,9216
164.56,9301
165.66,9401
166.76,9448
167.86,9525
168.96,9599
170.06,9643
171.16,9731
172.26,9765
173.36,9834
174.46,9896
175.56,9956
176.66,10071
177.76,10129
179.26,17831
180.36,10302
181.46,10391
182.56,10460
183.66,10523
184.76,10610
186.35,10715
187.45,10871
188.55,10957
189.65,11021
190.75,11099
191.85,11135
192.95,11203
194.05,11271
195.15,11325
196.25,11403
197.35,11459
198.45,11567
199.55,11627
200.65,11722
201.75,11794
202.85,11863
203.95,11947
205.05,12026
206.15,12150
207.25,12270
208.35,12325
209.45,12428
210.55,12513
211.65,12563
212.75,12652
213.85,12732
214.95,12798
216.05,12861
217.15,12947
218.25,13076
219.35,13138
220.94,13244
222.04,13323
223.14,13411
224.24,13486
225.34,13532
226.44,13571
227.54,13572
228.64,13584
229.74,13596
230.84,13598
231.94,13606
233.04,13609
234.14,13611
235.24,13616
236.34,13616
237.44,13619
