0,0
1.1,188
2.2,195
3.3,162
4.4,180
5.5,203
6.6,356
7.7,307
8.8,334
9.9,384
11.0,425
12.1,470
13.2,508
14.3,536
15.4,580
16.58,611
17.68,659
18.78,696
19.88,736
20.98,780
22.08,822
23.18,858
24.28,901
25.38,950
26.48,1008
27.58,0
28.68,1155
29.78,1153
30.88,1294
31.98,1224
33.08,1328
34.18,1371
35.31,1390
36.41,1432
37.51,1482
38.61,1540
39.71,1587
40.81,1625
41.91,1763
43.01,1794
44.11,1828
45.21,1859
46.31,1902
47.41,1936
48.51,1984
49.61,2031
50.71,2064
51.81,2135
52.91,2124
54.01,2231
55.11,2324
56.21,2369
57.31,2399
58.41,2439
59.51,2482
60.61,2532
61.71,2542
62.81,2705
63.91,2745
65.01,2722
66.11,2739
67.21,2826
68.31,2864
69.41,2987
70.51,3080
71.61,3134
72.71,3159
73.81,3181
74.91,3222
76.01,3244
77.11,3449
78.24,3291
79.34,3373
80.84,3386
81.94,3481
83.04,3531
84.14,3576
85.24,3557
86.34,3670
87.44,3699
88.94,3721
90.04,3805
91.14,3827
92.24,3838
93.34,3907
94.44,3984
95.54,4002
96.64,4009
97.74,4033
98.84,4066
99.94,4090
101.04,4108
102.14,4130
103.24,4155
104.34,4195
105.44,4237
106.54,4255
107.64,4367
108.74,4403
109.84,4427
110.94,4433
112.04,4538
113.14,4556
114.24,4622
115.34,4642
116.44,4661
117.54,4693
118.64,4711
119.74,4734
120.84,4755
121.94,4811
123.04,4841
124.14,4866
125.24,4882
126.34,4908
127.44,4970
128.54,5004
129.64,5094
130.74,5144
131.84,5155
133.34,8555
134.44,5186
135.54,5204
136.64,5247
137.74,5340
138.84,5432
139.94,5439
141.04,5468
142.14,5491
143.24,5507
144.34,5535
145.44,5558
146.54,5584
147.64,5611
148.74,5651
149.84,5673
150.94,5715
152.04,5745
153.13,5782
154.23,5809
155.33,5837
156.43,5870
157.53,5984
158.63,6024
159.73,6072
160.83,6097
161.93,6128
163.03,6266
164.13,6263
165.23,6276
166.33,6287
167.43,6300
168.53,6310
169.63,6333
170.73,6347
171.83,6369
172.93,6381
174.03,6395
175.13,6409
176.72,6416
177.82,8507
178.92,6513
180.02,6713
181.12,6758
182.22,6785
183.32,6799
184.42,6803
185.52,6813
186.62,6819
187.72,6841
188.82,6857
189.92,6874
191.02,6889
192.12,6907
193.22,6929
194.32,6941
195.42,6962
196.52,6965
197.62,6964
198.72,6964
199.82,7289
200.92,7396
202.02,7426
203.12,7442
204.22,7451
205.32,7456
206.42,7459
207.52,7461
208.65,7461
209.75,7462
210.85,7461
211.95,7460
213.05,7459
214.15,7458
215.25,7458
216.35,7457
217.45,7456
