0,0
1.09,43
2.19,44
3.29,46
4.39,46
5.49,47
6.59,50
7.78,40
8.88,38
9.98,60
11.08,101
12.18,115
13.28,151
14.38,170
15.48,253
16.58,296
17.68,332
18.78,342
19.88,352
20.98,356
22.08,361
23.18,366
24.28,376
25.38,383
26.48,581
27.61,394
28.71,406
29.81,414
30.91,402
32.01,425
33.11,430
34.21,436
35.31,440
36.41,450
37.51,462
38.61,486
39.71,504
40.81,517
41.91,542
43.01,569
44.11,629
45.21,671
46.31,715
47.41,759
48.54,796
49.64,827
50.74,858
51.84,882
52.94,983
54.04,1157
55.14,1355
56.24,1500
57.34,1594
58.44,1663
59.54,1756
60.64,1861
61.74,4686
62.87,2005
63.97,2079
65.07,2136
66.17,2181
67.27,2210
68.37,2229
69.47,2323
70.57,2417
71.67,2484
72.77,2550
73.87,2609
74.97,2673
76.07,2713
77.17,2711
78.27,2760
79.4,2800
80.5,2830
81.6,2855
82.7,2881
83.8,2911
85.3,2947
86.4,3029
87.5,3082
88.6,3107
89.7,3217
90.8,3278
91.9,3347
93.0,3378
94.1,3402
95.2,3406
96.3,3417
97.4,3458
98.5,3452
99.6,3520
100.7,3559
101.8,3575
102.9,3609
104.0,3628
105.1,3640
106.2,3648
107.3,3650
108.4,3656
109.5,3659
110.6,3659
111.7,3662
112.8,3663
