0,0
1.18,0
2.28,0
3.38,0
4.48,0
5.58,0
6.68,0
7.78,45
8.91,0
10.01,0
11.11,0
12.21,4
13.8,47
14.9,0
16.4,6
17.5,10
18.6,10
19.7,0
20.8,0
21.9,0
23.0,0
24.1,65
25.2,31
26.3,3460
27.4,77
28.5,28
29.6,73
30.7,40
31.8,59
32.9,56
34.0,56
35.1,59
36.2,60
37.3,60
38.4,62
39.59,64
40.69,62
41.79,67
42.89,62
43.99,68
45.09,66
46.19,89
47.32,76
48.42,78
49.52,79
50.62,79
51.72,79
52.82,80
53.92,79
55.02,79
56.12,77
57.22,81
58.32,80
59.42,82
61.01,98
62.11,82
63.21,81
64.31,83
65.41,82
66.51,82
67.61,83
68.71,83
69.81,82
70.91,144
72.01,233
73.11,207
74.21,262
75.31,237
76.41,271
77.51,255
78.61,276
79.71,265
80.81,281
81.91,274
83.01,285
84.11,281
85.21,287
86.31,288
87.41,287
88.51,26794
89.64,290
90.74,290
91.84,292
92.94,291
94.04,292
95.14,292
96.24,293
97.34,293
98.44,294
99.54,293
100.64,294
101.74,295
102.84,295
103.94,296
105.04,297
106.14,295
107.24,298
108.34,456
109.47,298
110.57,298
111.67,299
112.77,300
113.87,303
114.97,301
116.07,13097
117.2,303
118.3,305
119.43,305
120.53,306
121.63,306
122.73,306
123.83,308
124.93,309
126.03,308
127.13,309
128.23,309
129.33,312
130.43,315
131.53,320
132.63,322
133.73,323
134.83,325
135.93,327
137.03,304
138.13,321
139.23,320
140.33,322
141.43,322
142.53,299
143.63,325
144.73,326
145.83,333
146.93,369
148.03,387
149.13,440
150.23,498
151.33,577
152.43,616
153.53,653
154.63,713
155.73,782
156.83,841
157.93,1081
159.06,1033
160.16,1090
161.26,1203
162.36,1271
163.54,1336
164.64,1407
165.74,1476
166.84,1551
167.94,1595
169.04,1624
170.14,1711
171.24,1748
172.34,1828
173.93,1933
175.03,2057
176.13,2140
177.23,2204
178.33,2305
179.43,2360
180.93,793
182.06,2501
183.16,2590
184.26,2679
185.36,2766
186.46,2847
187.56,2925
188.66,3018
189.76,3083
190.86,3128
191.96,3201
193.06,3283
194.16,3355
195.26,3442
196.36,3477
197.46,3487
198.56,3491
199.69,3492
200.79,3496
201.89,3500
202.99,3500
204.09,3506
205.19,3506
206.29,3570
207.39,3612
208.49,3660
209.59,3676
210.69,3690
212.28,56486
213.38,3708
214.48,3707
215.58,3707
216.68,3833
217.78,3882
218.88,3909
219.98,3921
221.08,3925
222.18,3933
223.28,3939
224.38,3944
225.48,3948
226.57,3950
227.67,3950
228.77,3929
229.87,3919
230.97,3948
232.07,3971
233.17,3993
234.27,4065
235.37,4128
236.47,4196
237.57,4233
238.67,4268
239.77,4367
240.87,4446
241.97,4503
243.07,4569
244.17,4624
245.27,4692
246.37,4767
247.87,4850
248.97,4957
250.07,4601
251.17,5118
252.27,5195
253.37,5249
254.47,5331
255.57,5401
256.67,5489
257.77,5555
258.87,5621
259.97,5702
261.07,5781
262.17,5821
263.27,5920
264.37,5984
265.47,6024
266.57,6103
267.67,6171
268.77,6208
269.87,6229
270.97,6236
272.07,6242
273.17,6243
274.27,6248
275.37,6250
276.47,6251
