0,0
1.17,4
2.27,4
3.37,4
4.47,2
5.57,4
7.07,86
8.17,11
9.27,8
10.37,4
11.47,3
12.57,2
13.67,0
14.77,4
16.27,2
17.37,1
18.47,4
19.57,0
20.67,0
21.77,5
22.87,3
23.97,0
25.07,0
26.17,0
27.27,3
28.37,432
29.47,9
30.57,4
31.67,5
32.77,5
33.87,6
34.97,4
36.07,5
37.17,5
38.27,6
39.37,0
40.47,0
41.57,3
42.67,4
43.77,4
44.87,13
45.97,13
47.07,6
48.17,10
49.27,10
50.37,13
51.47,15
52.57,17
53.67,17
54.77,17
55.87,19
56.97,14
58.07,22
59.17,23
60.27,25
61.37,30
62.47,40
63.57,45
64.67,52
65.77,55
66.87,54
67.97,55
69.07,55
70.17,56
71.27,56
72.37,60
73.47,59
74.57,54
75.67,60
76.77,67
77.87,65
78.97,65
80.07,67
81.17,69
82.27,69
83.37,66
84.47,66
85.57,66
86.67,70
87.77,69
88.87,66
89.97,62
91.07,62
92.17,65
93.27,68
94.37,65
95.47,66
96.57,66
97.67,66
98.77,72
99.87,67
100.97,65
102.07,65
103.17,62
104.27,69
105.37,70
106.47,67
107.57,176
108.67,327
109.77,411
110.87,446
111.97,471
113.07,487
114.17,500
115.27,511
116.37,516
117.47,521
118.57,524
119.67,530
120.77,548
121.87,584
122.97,597
124.07,614
125.17,621
126.27,623
127.37,630
128.47,636
129.57,640
130.67,644
131.77,644
132.87,643
133.97,647
135.07,652
136.17,680
137.27,685
138.37,701
139.87,712
140.97,715
142.07,721
143.17,724
144.27,724
145.37,727
146.47,731
147.57,730
148.67,740
149.77,787
150.87,831
151.97,852
153.07,866
154.17,871
155.27,876
156.37,880
157.47,883
158.57,886
159.67,886
160.77,890
161.87,890
162.97,891
164.07,891
165.17,892
166.27,892
167.37,893
168.47,895
169.57,896
170.67,896
171.77,895
172.87,846
173.97,894
175.07,892
176.17,904
177.27,891
178.37,927
179.47,938
180.57,963
181.67,980
182.77,999
183.87,1027
184.97,1051
186.08,1074
187.25,1108
188.35,1126
189.45,1139
190.55,1142
192.14,25338
193.24,1279
194.34,1295
195.93,52830
197.03,1422
198.13,1522
199.23,1597
200.33,1665
201.43,1717
202.53,1760
203.63,1802
204.72,1866
205.82,1912
206.92,2015
208.02,2090
209.12,2156
210.22,2247
211.32,2284
212.42,2373
213.52,2442
214.62,2504
215.72,2533
216.82,2512
217.92,2562
219.02,2582
220.12,2610
221.22,2621
222.32,2649
223.42,2696
224.52,2736
225.62,2768
226.72,2785
227.82,2809
228.92,2850
230.02,2883
231.12,2931
232.22,2960
233.32,3012
234.42,3044
235.52,3047
236.62,3124
237.72,3128
238.82,3130
239.95,3087
241.05,3136
242.15,3127
243.25,3158
244.35,3187
245.45,3209
246.55,3226
247.65,3309
248.75,3317
249.85,3315
250.95,3344
252.05,3361
253.15,3392
254.25,3427
255.35,3447
256.45,3502
257.55,3557
258.65,3611
259.75,3668
260.85,3704
261.95,3774
263.05,3846
264.55,3977
265.65,4008
266.75,4046
267.85,4120
268.95,4154
270.05,4265
271.15,4334
272.25,4374
273.35,4413
274.45,4420
275.55,4393
276.65,4436
277.75,4434
278.85,4441
279.95,4453
281.05,4458
282.15,4464
283.25,4472
284.35,4487
285.45,4505
286.55,4513
287.65,4525
288.75,4539
289.85,4550
290.95,4546
292.05,4567
293.15,4564
294.25,4580
295.35,4583
296.45,4593
297.55,4592
298.65,4595
299.75,4605
300.85,4602
301.95,4610
