0,0
1.17,3
2.27,2
3.37,0
4.47,0
5.57,0
6.67,2
7.77,0
8.87,9
9.97,2
11.07,0
12.17,12
13.27,0
14.45,0
15.55,6
16.65,0
17.75,0
18.85,4
19.95,0
21.05,18
22.18,0
23.28,0
24.38,0
25.48,3
26.58,0
27.68,1
28.78,7
29.88,5
30.98,0
32.08,12
33.18,11
34.28,14
35.38,16
36.48,15
37.58,18
38.68,21
39.78,18
40.88,23
41.98,19
43.08,20
44.18,23
45.28,26
46.38,23
47.48,29
48.58,32
49.68,31
50.78,28
51.88,33
52.98,24
54.08,30
55.18,29
56.28,29
57.38,33
58.48,32
59.58,29
60.68,31
61.78,30
62.88,33
63.98,33
65.08,36
66.18,30
67.28,33
68.38,36
69.48,37
70.58,39
71.68,36
72.78,33
73.88,38
74.98,34
76.08,35
77.58,0
78.71,38
79.81,37
80.91,38
82.01,37
83.11,37
84.61,50390
85.71,40
86.81,35
87.91,37
89.01,38
90.11,39
91.21,40
92.31,35
93.41,35
94.51,31
95.61,42
96.71,30
97.81,41
98.91,57
100.01,93
101.11,112
102.21,123
103.31,136
104.41,143
105.51,153
106.61,159
107.71,162
109.3,168
110.4,173
111.5,177
112.6,176
113.7,180
114.8,182
115.9,206
117.0,234
118.1,251
119.2,264
120.3,274
121.8,23143
122.9,296
124.0,298
125.1,309
126.2,302
127.3,308
128.4,310
129.5,310
130.6,315
131.7,317
132.8,336
133.9,349
135.0,363
136.1,377
137.2,380
138.3,388
139.4,393
140.5,390
141.6,403
142.7,425
143.8,464
144.9,478
146.0,491
147.1,503
148.2,504
149.3,513
150.4,516
152.3,0
153.4,521
154.5,524
155.6,524
156.7,527
157.8,519
158.9,531
160.0,534
161.1,540
162.2,565
163.3,583
164.4,617
165.5,649
166.6,685
167.7,729
168.8,783
169.9,813
171.0,909
172.1,948
173.2,1015
174.3,1058
175.4,23693
176.53,1202
177.63,1264
178.73,1342
179.83,1364
180.93,1515
182.03,1611
183.13,1699
184.23,1787
185.33,1846
186.43,1922
187.53,1987
188.63,2042
189.73,2094
190.83,2177
191.93,3888
193.47,2646
194.57,2381
195.67,2458
196.77,2501
197.95,2602
199.05,2629
200.15,2741
201.25,2770
202.35,2839
203.45,2902
204.55,2961
205.65,3023
206.75,3110
207.85,3160
208.95,3218
210.05,3290
211.18,3337
212.28,3410
213.38,3428
214.48,3517
215.58,3557
216.68,3637
217.78,3634
218.88,3743
219.98,3802
221.08,3850
222.18,3858
223.28,3878
224.38,3880
225.48,3891
226.58,3892
227.68,3900
228.78,3899
229.88,3901
230.98,3902
232.08,3897
233.18,3904
234.28,3909
235.38,3907
236.48,3905
237.58,52946
238.71,3917
239.81,3937
240.91,3974
242.01,4003
243.11,4037
244.21,4094
245.31,4154
246.41,4174
247.51,4253
248.61,4290
249.71,4318
250.81,4321
251.91,4329
253.01,4336
