0,0
1.15,2
2.25,3
3.35,3
4.45,3
5.95,12730
7.05,2
8.15,2
9.25,3
10.75,4
11.85,3
12.95,3
14.54,12731
15.64,4
16.74,4
17.84,4
18.94,4
20.04,5
21.14,4
22.24,4
23.34,4
24.44,5
25.54,4
26.64,6
27.74,0
28.84,0
29.94,5
31.04,4
32.14,3
33.24,3
34.34,0
35.44,0
36.94,101
38.04,23
39.14,18
40.24,5
41.34,7
42.44,18
43.54,15
44.64,2
45.74,20
46.84,10
47.94,50
49.04,53
50.14,80
51.24,73
52.34,84
53.44,98
54.54,120
55.64,135
56.74,133
57.84,143
58.94,141
60.04,152
61.14,147
62.24,154
63.34,151
64.44,152
65.54,155
66.64,154
67.74,157
68.84,156
69.94,160
71.04,160
72.14,159
73.24,160
74.34,160
75.44,162
76.54,161
77.64,162
78.74,163
79.84,162
80.94,164
82.04,162
83.14,163
84.24,164
85.34,12836
86.47,162
87.57,163
88.67,164
89.77,161
90.87,163
91.97,161
93.47,156
94.57,167
95.67,181
96.77,199
97.87,301
98.97,365
100.07,463
101.17,524
102.27,620
103.37,700
104.47,772
105.57,818
106.67,882
107.77,968
108.87,1029
109.97,1069
111.07,1110
112.17,1155
113.27,1237
114.37,1353
115.47,1455
116.57,1486
117.67,1594
118.77,1628
119.87,1654
120.97,1703
122.56,1932
123.66,1818
124.76,1828
125.86,1896
126.96,1950
128.06,2003
129.16,2050
130.26,2058
131.36,2068
132.46,2073
133.56,2062
134.66,2059
135.76,2069
136.86,2072
137.96,2076
139.06,2078
140.16,2075
141.26,2070
142.36,2074
143.46,2079
144.56,2075
145.66,2076
146.76,2076
147.86,2071
149.36,2075
150.46,2070
151.56,2072
152.66,2075
154.16,2077
155.26,2073
156.36,2076
157.46,2076
158.56,2075
159.66,2075
160.76,2074
162.26,55225
163.36,2083
164.46,2091
165.56,2127
166.66,2144
167.76,2196
168.86,2230
169.96,2245
171.06,2305
172.16,2336
173.25,2358
174.35,2399
175.45,2468
176.55,2535
177.65,2603
178.75,2700
179.85,2794
180.95,2867
182.05,2933
183.15,2993
184.25,3079
185.35,3147
186.45,3199
187.55,3272
188.65,3359
189.75,3454
190.85,3538
191.95,3681
193.05,3771
194.15,3890
195.25,4010
196.35,4106
197.45,4164
198.55,4223
199.65,4263
200.75,4323
201.85,4385
202.95,4461
204.05,4535
205.15,4636
206.25,4771
207.35,4883
208.45,4985
209.55,5083
210.65,5169
211.75,5206
212.85,5231
213.95,5279
215.05,5369
216.15,5446
217.25,5487
218.35,5522
219.45,5585
220.55,5700
221.65,5857
222.78,6004
223.88,6053
225.38,6180
226.48,6293
227.58,6436
228.68,6664
229.78,6853
230.88,6898
231.98,7032
233.08,7175
234.18,7229
235.28,7316
236.38,7475
237.48,7535
238.58,7563
239.68,7681
240.78,7768
241.88,7802
242.98,7865
244.08,7933
245.21,7994
246.31,8077
248.21,8207
249.31,8322
250.41,8481
251.51,8589
252.61,8669
253.71,8763
254.81,8851
255.91,8911
257.01,8952
258.11,9031
259.21,9057
260.31,9031
261.41,9068
262.51,9076
263.61,9061
264.71,9074
265.81,9077
