0,0
1.1,4
2.2,3
3.3,4
4.4,4
5.5,5
6.6,4
7.7,5
8.8,0
9.9,5
11.0,7
12.5,0
13.6,3
14.7,0
15.8,2
16.9,46
18.0,82
19.1,156
20.2,197
21.33,254
22.43,334
23.53,371
24.63,393
25.73,389
26.83,393
27.93,384
29.03,393
30.13,391
31.63,23658
32.73,384
33.83,378
35.42,395
36.52,410
37.62,377
38.72,385
39.82,399
40.92,51075
42.46,0
43.99,0
45.09,400
46.19,416
47.29,406
48.39,410
49.49,425
50.59,414
51.69,418
52.79,420
53.89,420
54.99,416
56.09,422
57.19,423
58.29,418
59.39,427
60.49,434
61.59,411
62.69,430
63.79,429
64.89,427
65.99,424
67.09,439
68.19,445
69.29,444
70.39,455
71.89,454
72.99,452
74.09,449
75.19,462
76.29,474
77.39,463
78.49,469
79.59,475
80.69,469
81.79,476
82.89,486
84.48,10018
85.58,467
86.68,484
87.78,491
88.88,477
89.98,487
91.08,489
92.18,482
93.28,490
94.38,491
95.48,483
96.58,462
97.68,458
98.78,496
99.88,515
100.98,530
102.08,564
103.18,593
104.28,627
105.38,677
106.48,754
107.58,785
108.68,844
109.78,905
110.88,865
111.98,3481
113.52,51489
114.62,1043
115.72,1015
116.82,1048
118.32,1265
119.42,1424
120.52,1592
121.62,1701
122.72,1767
123.82,1849
124.92,1968
126.02,2036
127.12,2135
128.22,2230
129.32,2300
130.42,2436
131.52,2545
132.62,2589
133.72,2681
134.82,2733
135.92,2783
137.02,2848
138.12,2911
139.22,3035
140.32,3088
141.42,3158
142.52,3306
143.62,3313
145.21,3417
146.31,3488
147.41,3558
148.51,3565
149.61,3694
150.71,3822
151.81,3913
152.91,3921
154.01,4031
155.11,4076
156.21,4156
157.31,4211
158.41,4301
159.51,4388
160.61,4423
161.71,4538
162.81,4565
163.91,4657
165.01,4729
166.11,4752
167.7,4921
168.8,4960
169.9,4983
171.0,5011
172.1,5044
173.2,5041
174.3,5110
175.4,5130
176.5,5313
177.6,5318
178.7,5473
179.8,5557
180.9,5609
182.0,5633
183.1,5671
184.2,5686
185.3,5695
186.4,5734
187.5,5781
188.6,5838
189.7,5928
190.8,5990
191.9,6055
193.0,6150
194.1,6196
195.2,6258
196.3,6369
197.4,6422
198.5,6412
199.6,6497
200.7,6487
201.83,6554
202.93,6559
204.03,6661
205.13,6650
206.63,27890
207.73,6776
208.83,7387
209.96,6850
211.06,6957
212.16,6976
213.26,7085
214.36,7107
215.46,7171
216.56,7179
217.66,7256
218.76,7303
219.86,7440
220.96,7512
222.06,7631
223.16,7711
224.26,7787
225.36,7792
226.46,7939
227.56,8027
228.66,8148
229.76,8169
230.86,8203
231.96,8201
233.06,8215
234.16,4787
235.75,8319
236.85,8223
237.95,8224
239.05,8224
240.15,8226
241.25,8228
