0,0
1.12,1
2.22,0
3.32,0
4.42,0
5.52,0
6.62,0
7.72,0
8.82,0
9.92,0
11.02,0
12.12,0
13.22,0
14.32,0
15.42,0
16.52,0
17.62,4
18.72,0
19.82,0
20.92,0
22.02,0
23.12,0
24.22,0
25.32,0
26.42,0
27.52,0
28.62,0
29.71,0
30.81,28
31.91,4
33.01,33
34.11,4
35.21,19
36.31,24
37.41,14
38.51,17
39.61,48
40.71,37
41.81,87
42.99,111
44.09,82
45.19,127
46.29,104
47.39,128
48.49,108
49.59,137
50.69,131
51.79,123
52.89,131
53.99,137
55.09,147
56.19,110
57.29,145
58.39,129
59.49,146
60.59,129
61.69,142
62.79,141
63.89,127
64.99,135
66.09,133
67.19,142
68.29,122
69.39,149
70.89,127
71.99,140
73.09,195
74.19,176
75.29,234
76.39,222
77.49,248
78.59,281
79.69,273
80.79,282
81.89,332
82.99,314
84.09,347
85.19,337
86.29,380
87.39,654
88.52,360
89.62,386
91.12,3670
92.22,385
93.32,382
94.42,394
95.52,383
96.62,390
97.72,386
98.82,388
99.92,411
101.02,402
102.12,399
103.22,411
104.32,402
105.42,48240
106.55,392
108.14,430
109.24,399
110.34,421
111.84,20817
112.94,423
114.04,398
115.14,417
116.24,401
117.34,398
118.44,414
119.54,376
120.64,381
121.74,368
122.84,430
123.94,408
125.04,491
126.14,490
127.24,550
128.34,559
129.44,611
130.54,623
131.64,669
132.74,697
133.93,738
135.03,799
136.53,826
137.63,886
138.73,961
139.83,1012
140.93,1081
142.03,1147
143.13,1222
144.23,1292
145.33,1340
146.92,7791
148.02,1510
149.12,1585
150.22,1598
151.32,1684
152.42,1734
153.52,1811
154.62,1861
155.72,1929
156.82,1991
157.92,2049
159.02,2113
160.12,2171
161.22,2221
162.4,2286
163.5,2315
164.6,2385
165.7,2434
166.8,2499
167.9,2601
169.0,2662
170.1,2747
171.2,2812
172.3,2890
173.4,2905
174.5,2991
175.6,3087
176.7,3197
177.8,3239
178.9,3338
180.0,3379
181.1,3445
182.2,3445
183.3,3506
184.4,3579
185.5,3694
186.6,3839
187.7,3874
188.8,4002
189.9,4064
191.0,4143
192.1,4189
193.2,4258
194.3,4307
195.4,4350
196.5,4422
197.6,4446
198.7,4531
199.8,4584
200.9,4615
202.0,4721
203.1,4758
204.2,4833
205.3,4900
206.4,4973
207.5,5013
208.6,5101
209.7,5124
210.8,5209
211.9,5222
213.0,5320
214.1,5322
215.2,5396
216.3,5478
217.4,5521
218.5,5566
219.6,5579
220.7,5601
221.8,5600
223.3,5614
224.4,5591
225.5,5625
226.6,5580
227.7,5613
228.8,5590
229.9,5663
231.0,5655
232.1,5761
233.2,5750
234.3,5793
235.4,5782
236.5,5800
237.6,5793
238.7,5805
239.8,5796
240.9,5805
242.0,5798
243.1,5802
244.6,5805
245.7,5801
246.8,5804
247.9,5804
