0,0
1.13,0
2.23,0
3.33,0
4.43,0
5.53,1
6.63,8
7.73,1
8.83,0
9.93,0
11.03,0
12.13,0
13.23,0
14.33,7
15.43,7
16.53,6
17.63,7
18.73,7
19.83,6
20.93,6
22.03,7
23.13,8
24.23,23
25.33,74
26.43,231
27.53,286
28.63,363
29.73,438
30.83,534
31.93,577
33.03,636
34.13,758
35.23,835
36.33,909
37.43,1000
38.53,1065
39.63,1181
40.73,1287
41.83,1397
43.01,1473
44.11,1546
45.21,1653
46.31,1727
47.41,1807
48.51,1873
49.61,1918
50.71,1917
51.81,2024
52.91,2094
54.01,2202
55.11,2289
56.21,2383
57.31,2493
58.41,2588
59.51,2678
60.61,2777
61.71,2878
62.81,2948
63.91,3092
65.01,3308
66.11,3491
67.21,3671
68.31,3824
69.41,3940
70.51,3988
71.61,4068
72.71,4143
73.81,4253
74.91,4365
76.01,4445
77.11,4549
78.21,4599
79.31,4709
80.41,4789
81.51,4835
82.61,4911
84.11,5005
85.24,5158
86.83,5302
87.93,5284
89.03,5375
90.62,5452
91.72,5533
92.82,5634
93.92,5841
95.02,5959
96.12,6055
97.22,6188
98.32,6245
99.42,6364
100.52,6506
101.62,6591
102.72,6663
103.82,6705
104.92,6801
106.02,6880
107.12,6965
108.22,7036
109.32,7106
110.42,7256
111.52,7327
112.62,7382
113.72,7537
114.82,7599
115.92,7726
117.02,7835
118.12,7896
119.22,7941
120.32,8033
121.42,8101
122.52,8129
123.62,8250
124.72,8405
125.82,8512
126.92,8582
128.02,8603
129.12,8583
130.22,8582
131.32,8653
