0,0
1.16,3
2.26,2
3.36,2
4.46,4
5.56,4
6.66,3
7.76,5
8.86,0
9.96,0
11.06,7
12.16,10
13.26,4
14.36,5
15.46,7
16.56,4
17.66,9
18.76,9
20.35,63
21.45,49
22.55,102
23.65,51083
24.78,112
25.88,111
26.98,155
28.08,161
29.18,170
30.28,186
31.38,211
32.48,51160
33.61,292
34.71,331
35.81,357
36.91,390
38.01,405
39.11,414
40.21,471
41.31,500
42.41,534
43.51,563
44.61,580
45.71,592
46.81,575
47.91,601
49.5,612
50.6,642
51.7,710
52.8,766
53.9,832
55.0,877
56.1,889
57.2,991
58.3,1049
59.4,1082
60.5,1101
61.6,1107
62.7,1096
63.8,1150
64.9,1153
66.0,1192
67.1,1238
68.2,1244
69.3,1315
70.4,1322
71.5,1453
72.6,1605
73.7,1683
74.8,1763
75.9,1826
77.0,1881
78.1,1944
79.2,1990
80.3,2054
81.4,2082
82.5,2162
83.6,2207
84.7,2226
85.8,2239
86.9,2314
88.49,2255
89.59,2255
90.69,2269
91.79,2299
92.89,2335
93.99,2362
95.09,2366
96.19,2409
97.29,2504
98.39,2557
99.49,2617
100.59,2688
101.69,2755
102.79,2826
103.89,2891
104.99,2914
106.09,2951
107.19,2972
108.29,2990
109.39,3033
110.49,3093
111.59,3155
112.69,3245
113.79,3279
114.89,3336
115.99,3378
117.09,3434
118.19,3480
119.29,3548
120.39,3608
121.49,3640
122.59,3741
123.69,3789
124.79,3824
125.89,3832
126.99,3824
128.09,3874
129.19,3901
130.29,3935
131.39,3961
132.49,3979
133.59,4002
134.69,4027
135.79,4069
136.89,4119
137.99,4176
139.09,4180
140.19,4216
141.29,4235
142.39,4260
143.49,4290
144.59,4315
145.69,4345
146.79,4359
147.89,4406
148.99,4433
150.09,4472
151.19,4520
152.29,4545
153.39,4623
154.49,4651
155.59,4661
156.69,4674
157.79,4697
158.89,4734
159.99,4759
161.09,4797
162.19,4814
163.29,4858
164.39,4913
165.49,4933
166.59,4960
167.69,5036
168.79,5041
169.89,5061
170.99,5052
172.09,5075
173.19,5017
174.29,5108
175.39,5030
176.49,5076
177.59,5060
