0,0
1.16,2
2.26,1
3.36,1
4.46,1
5.56,2
6.66,1
7.76,0
8.86,2
10.36,9
11.46,0
12.56,0
13.66,0
14.76,0
15.86,0
16.96,0
18.06,0
19.16,0
20.26,0
21.36,0
22.46,0
23.56,0
24.66,10
25.76,153
26.86,196
27.96,330
29.06,395
30.16,488
31.26,563
32.36,654
33.46,704
34.56,755
35.66,830
36.76,911
37.86,976
38.96,1075
40.06,1158
41.16,1188
42.27,1313
43.4,1403
44.5,1458
45.6,1593
46.7,1707
47.8,1813
48.9,1921
50.0,2024
51.1,2035
52.2,2146
53.3,2203
54.4,2292
55.5,2336
56.6,2460
57.7,2586
58.8,2661
59.9,2752
61.0,2817
62.1,2901
63.2,2956
64.3,3050
65.4,3121
66.5,3189
67.6,3247
68.7,3356
69.8,3543
70.9,3772
72.0,3947
73.1,4059
74.2,4216
75.3,4268
76.8,4406
77.9,4494
79.0,4551
80.1,4591
81.2,4676
82.3,4761
83.43,4796
84.53,4884
85.63,4921
86.73,4962
87.83,4967
88.93,5017
90.03,5068
91.13,5248
92.23,5387
93.33,5541
94.43,5640
95.53,5734
96.63,5790
97.73,5885
98.83,5942
99.93,6040
101.03,6083
102.13,6185
103.23,6275
104.33,6357
105.43,6427
106.53,6520
107.63,6638
108.73,6674
109.83,6771
110.93,6823
112.03,6890
113.13,6977
114.23,7020
115.73,7333
116.83,7222
117.93,7285
119.03,7384
120.13,7526
121.23,7583
122.33,7674
123.43,0
124.56,7853
125.66,7916
126.76,7993
127.86,8065
128.96,8126
130.06,8212
131.56,8333
132.66,13743
133.79,8482
134.89,8598
135.99,8660
137.09,8746
138.19,8826
139.29,8893
140.39,8973
141.49,9094
142.59,9152
143.69,9242
144.79,9309
145.89,9360
146.99,9439
148.09,9513
149.19,9580
150.29,9637
151.39,9703
152.49,9723
153.59,9838
154.69,55888
155.82,10058
156.92,10021
158.02,10246
159.12,9996
160.22,10189
161.32,10071
162.42,10149
