0,0
1.14,0
2.24,0
3.34,0
4.44,0
5.54,0
7.04,6
8.14,0
9.24,0
10.34,0
11.44,0
12.54,0
13.64,0
14.74,0
15.84,0
16.94,0
18.04,0
19.54,0
20.64,0
21.74,0
23.33,7906
24.43,0
25.53,0
26.63,0
27.73,0
28.83,0
29.93,0
31.03,0
32.13,0
33.23,0
34.33,0
35.43,0
36.53,0
37.63,0
38.73,0
39.83,0
40.93,0
42.03,0
43.13,0
44.23,0
45.33,0
46.43,0
47.53,0
48.63,0
49.73,0
50.83,0
51.93,0
53.03,0
54.13,0
55.23,0
56.33,0
57.43,0
58.53,0
59.63,0
60.73,0
61.83,0
62.93,0
64.03,0
65.13,0
66.23,0
67.33,0
68.43,0
69.53,0
70.63,0
71.73,0
72.83,0
73.93,0
75.03,0
76.13,0
77.23,0
78.33,0
79.83,0
80.93,0
82.03,0
83.13,0
84.23,0
85.33,0
86.43,0
87.53,0
88.63,0
89.73,0
90.83,0
91.93,0
93.03,0
94.13,0
95.23,0
96.33,0
97.43,0
98.53,0
99.63,0
100.73,0
101.83,0
102.93,0
104.03,0
105.13,0
106.23,2
107.33,5
108.43,5
109.53,2
110.63,3
111.73,3
112.83,3
114.02,3
115.12,4
116.22,12
117.32,19
118.42,22
119.52,25
120.62,27
121.72,29
122.82,30
123.92,31
125.02,33
126.12,34
127.22,35
128.32,37
129.42,18
130.52,37
131.62,38
132.72,39
133.82,40
134.92,41
136.02,40
137.12,42
138.22,42
139.32,43
140.42,43
141.52,44
142.62,16162
143.75,45
144.85,45
145.95,42
147.05,43
148.15,46
149.25,61
150.35,73
151.45,82
152.55,88
153.65,94
154.75,100
155.85,110
156.95,118
158.05,127
159.15,135
160.25,142
161.35,147
162.45,175
163.55,225
164.65,263
165.75,282
166.85,292
168.35,1941
169.45,304
170.55,306
172.14,342
173.24,312
174.34,311
175.44,314
176.54,313
177.64,315
178.74,314
179.84,314
180.94,315
182.04,316
183.14,318
184.24,319
185.34,316
186.44,321
187.54,330
188.64,334
189.74,339
190.84,345
191.94,349
193.04,342
194.17,346
195.27,349
196.37,352
197.47,353
198.57,355
199.67,357
200.77,359
201.87,360
202.97,337
204.07,340
205.17,364
206.27,366
207.37,369
208.87,371
209.97,380
211.07,399
212.17,421
213.27,438
214.37,449
215.47,476
216.57,512
217.67,531
218.77,551
219.87,594
220.97,684
222.07,784
223.17,861
224.27,920
225.37,1017
226.47,1111
227.57,1244
228.67,1335
229.77,1423
230.87,1515
231.97,1601
233.07,1696
234.17,1799
235.27,1886
236.37,1985
237.47,2080
238.57,2172
239.67,2265
241.26,9527
242.36,2528
243.46,2646
244.56,2747
245.66,2833
246.76,2961
247.86,3129
248.96,3275
250.06,3385
251.16,3513
252.29,3627
253.39,3761
254.49,3827
255.59,3857
256.69,3889
257.79,3919
258.89,3925
259.99,3928
261.09,3931
262.19,3933
263.29,3935
264.39,3936
265.89,4110
