0,0
1.12,0
2.22,0
3.32,0
4.42,0
5.52,0
6.62,0
7.72,0
8.82,0
9.92,0
11.02,0
12.12,0
13.31,4
14.41,15
15.51,37
16.61,65
17.71,103
18.81,120
19.91,137
21.01,144
22.11,151
23.21,155
24.31,158
25.41,161
26.51,163
27.61,164
28.71,165
29.81,166
30.91,167
32.01,168
33.11,168
34.21,170
35.31,170
36.41,170
37.51,171
38.61,171
39.71,171
40.81,172
41.91,172
43.01,173
44.11,172
45.21,173
46.31,173
47.41,173
49.0,277
50.1,199
51.2,209
52.3,215
53.4,219
54.5,224
55.6,227
56.7,229
57.8,230
58.9,232
60.0,234
61.1,236
62.2,237
63.3,238
64.4,241
65.5,243
66.6,254
67.7,305
68.8,317
69.9,325
71.0,330
72.1,334
73.2,338
74.3,364
75.4,390
76.5,405
77.63,414
78.73,421
79.83,428
80.93,432
82.03,435
83.13,549
84.23,588
85.32,613
86.42,626
87.52,635
88.62,641
89.72,645
90.82,649
91.92,652
93.02,654
94.12,655
95.22,657
96.32,659
97.42,660
98.52,661
99.62,662
100.72,663
101.82,670
102.92,675
104.02,679
105.12,675
106.22,681
107.32,688
108.42,692
109.52,694
110.62,698
111.72,715
112.82,738
113.92,762
115.02,811
116.12,861
117.22,894
118.32,936
119.42,997
120.52,1075
121.62,1162
122.72,1329
123.82,1472
124.92,1614
126.02,1732
127.12,1839
128.22,1982
129.32,2113
130.42,2234
131.52,2335
132.62,2453
133.72,2552
134.82,2631
135.92,2703
137.02,2749
138.12,2786
139.22,2842
140.32,2890
141.42,2935
142.52,2974
143.62,3010
144.72,3041
145.82,3067
146.92,3087
148.02,3290
149.12,3468
150.22,3599
151.32,3660
152.42,3709
154.01,3993
155.11,3896
156.21,3954
157.31,4006
158.41,4036
159.51,4052
160.61,4061
161.71,4069
162.81,4072
163.91,4076
165.01,4078
166.11,4080
167.21,4082
168.31,4083
169.41,4084
170.51,4087
