0,0
1.16,0
2.26,0
3.36,0
4.46,24
5.56,50
6.66,64
7.76,130
8.86,155
9.96,188
11.06,246
12.16,307
13.26,343
14.36,388
15.46,474
16.56,564
17.66,597
18.76,633
19.86,683
21.36,16899
22.46,761
23.56,778
25.15,918
26.25,1071
27.35,1086
28.45,1180
29.55,1272
30.65,1485
31.75,1586
32.85,1710
33.95,1827
35.05,1870
36.15,1926
37.25,2032
38.35,2105
39.45,2117
40.55,2297
41.65,2454
42.75,2517
43.85,2569
44.95,2735
46.05,2831
47.15,2896
48.25,2964
49.35,3098
50.45,3165
51.55,3243
52.65,3334
53.75,3409
54.85,3482
55.95,3563
57.05,3615
58.15,3680
59.25,3788
60.35,3916
61.45,4094
62.55,4174
63.65,4284
64.75,4401
65.85,4476
66.95,4536
68.05,4607
69.15,4678
70.25,4754
71.35,4897
72.45,4988
73.55,5052
74.65,5134
75.75,5202
76.85,5288
77.95,5421
79.05,5494
80.15,5584
81.25,5673
82.35,5789
83.45,5911
84.55,6012
85.65,6053
86.75,6147
87.85,6251
88.95,6331
90.05,6402
91.15,6482
92.25,6563
93.35,6635
94.45,6743
96.04,6820
97.14,6925
98.24,7061
99.83,7156
100.93,7271
102.03,7346
103.13,7425
104.23,7521
105.33,7646
106.43,7744
107.53,7828
108.63,13150
109.76,8027
110.86,8122
111.96,8223
113.06,8301
114.16,8340
115.26,8449
116.36,8499
117.46,8603
118.56,8689
119.66,8745
120.76,8799
121.86,8884
122.96,9002
124.06,9165
125.16,9239
126.26,9294
127.36,9332
128.46,9353
129.56,9387
130.66,9474
131.76,9517
132.86,9611
133.96,9818
135.06,9919
136.16,9959
137.26,10031
138.36,10153
139.46,10183
140.56,10377
141.66,10593
142.76,10616
143.86,10719
144.96,10855
146.06,10893
147.16,10983
148.26,11080
149.36,11120
150.46,11200
151.56,11248
152.66,11342
153.76,11383
154.86,11533
155.96,11681
157.06,11785
158.16,11870
159.26,11939
160.36,12016
161.46,12107
162.56,12163
163.66,12226
164.76,12341
166.35,12419
167.45,12472
168.55,12557
169.65,12616
170.75,12681
171.85,12778
172.95,12952
174.05,13096
175.15,13178
176.25,13261
177.35,13348
178.45,13412
179.55,13439
180.65,13498
181.75,13611
182.85,13586
183.95,13757
185.05,13839
186.15,13965
187.25,13964
188.35,13998
189.45,13998
190.55,14007
191.65,14006
192.75,14014
