0,0
1.11,0
2.21,0
3.31,0
4.41,0
5.51,0
6.61,0
7.71,0
8.81,0
9.91,0
11.01,0
12.11,0
13.21,0
14.71,0
15.81,20
16.91,42
18.01,89
19.11,92
20.21,197
21.31,242
22.9,327
24.0,431
25.1,501
26.2,561
27.3,610
28.4,682
29.5,743
30.6,836
31.7,877
32.8,929
33.9,1009
35.49,1226
36.59,1243
37.69,1317
38.79,1366
39.89,1479
40.99,1577
42.09,1592
43.19,1535
44.69,1556
45.79,1617
46.89,1621
47.99,1635
49.09,1646
50.19,1678
51.29,1728
52.39,1792
53.49,1826
54.59,1874
55.69,1888
56.79,1936
57.89,1948
58.99,1984
60.09,2049
61.19,2094
62.29,2130
63.39,2157
64.49,2197
65.59,2237
66.78,2256
67.88,2299
68.98,2340
70.08,2422
71.18,2437
72.28,2370
73.38,2406
74.48,2411
75.58,2450
76.68,2484
77.78,2519
78.88,2542
79.98,2596
81.08,2638
82.18,2689
83.28,2765
84.38,2810
85.48,2846
86.58,2850
87.68,2902
88.78,3005
90.37,3126
91.47,3081
92.57,3016
93.67,3065
94.77,3066
95.87,3110
97.37,3183
98.47,3172
99.57,3227
100.67,3269
101.77,3311
102.87,3348
103.97,3398
105.07,3448
106.17,3508
107.27,3546
108.37,3558
109.47,3662
110.57,3644
111.67,3703
112.77,3771
113.87,3775
114.97,3809
116.07,3880
117.17,3882
118.27,3843
119.37,3852
120.47,3862
121.57,3909
122.67,3935
123.77,3939
124.87,3958
125.97,3988
127.07,4050
128.17,4146
129.27,4232
130.37,4312
131.47,4382
132.57,4399
133.67,4473
134.77,4553
135.87,4675
136.97,4699
138.07,4705
139.17,4677
140.27,4693
141.37,4718
142.47,4749
143.57,4774
144.67,4801
145.77,4830
146.87,4900
147.97,4913
149.07,4918
150.17,4956
151.27,4961
152.37,5086
153.47,5107
154.57,5107
155.67,5159
156.77,5132
157.87,5222
158.97,5253
160.07,5302
161.17,5338
162.27,5336
163.37,5425
164.87,5482
165.97,5467
167.1,5434
168.2,5428
169.3,5496
170.4,5465
171.5,5540
173.0,5566
174.1,5565
175.2,5649
176.74,0
177.84,5685
178.94,5739
180.04,5814
181.14,5847
182.24,5838
183.34,5815
184.44,5847
185.54,5855
186.64,5886
187.74,5875
188.84,5876
189.94,5899
191.04,5888
