0,0
1.15,3098
2.25,3098
3.35,3098
4.45,3041
5.55,3046
6.65,3085
7.75,3125
8.85,3092
9.95,3103
11.05,3143
12.15,3164
13.25,3185
14.35,3212
15.45,3246
16.55,3251
17.65,3260
18.75,3288
19.85,3343
20.95,3405
22.05,3482
23.15,3544
24.25,3648
25.35,3640
26.45,3765
27.55,3812
28.65,3773
29.75,3887
30.85,3921
31.95,4015
33.05,3992
34.15,4092
35.25,4091
36.35,4156
37.45,4208
38.55,4244
39.65,4289
40.75,4346
41.85,4416
42.95,4433
44.05,4465
45.15,4553
46.25,4562
47.35,4572
48.45,4603
49.55,4673
50.65,4728
51.75,4762
53.34,4848
54.44,4886
55.54,4950
56.64,4975
57.74,5061
58.84,5076
60.43,65448
61.53,5221
62.63,5275
63.73,5319
64.83,5376
65.93,5407
67.03,5469
68.13,5476
69.23,5540
70.33,5590
71.43,5632
72.53,5709
73.63,5737
74.73,5808
75.83,5865
76.93,5909
78.03,5939
79.13,5994
80.23,6005
81.33,6108
82.43,6148
83.53,6220
84.63,6275
85.73,6311
86.83,6376
88.42,6446
89.52,6493
91.02,6712
92.12,6648
93.22,6728
94.72,6790
95.85,6802
96.95,6869
98.45,6904
99.95,15546
101.05,7113
102.15,7164
103.25,7207
104.35,7307
105.45,7320
106.55,7390
107.65,7438
108.75,7471
109.85,7563
110.95,7637
112.05,7667
113.15,7717
114.25,7768
115.35,7816
116.45,7845
117.55,7871
118.65,7883
119.75,7900
120.85,8012
121.95,8074
123.05,8146
124.15,8200
125.25,8250
126.35,8307
127.45,8332
128.55,8381
129.65,8373
130.75,8454
131.85,8439
132.95,8492
134.05,8476
135.15,8636
136.25,8687
137.35,8731
138.45,8794
140.04,8836
141.14,8840
142.24,8903
143.34,8883
144.44,8916
145.54,8987
146.64,8911
147.74,8910
148.84,9107
149.94,9102
151.04,9134
152.14,9154
153.24,9097
154.34,9111
155.47,9130
156.57,9132
