0,0
1.18,7
2.28,8
3.38,0
4.48,10
5.58,75
6.68,109
7.78,274
8.88,475
9.98,705
11.08,952
12.18,979
13.28,965
14.38,980
15.48,958
16.58,1041
17.68,1117
18.78,1203
19.88,1313
20.98,1495
22.11,1525
23.21,1600
24.31,1773
25.41,1866
26.51,2039
27.61,2147
28.71,2302
29.81,2431
30.91,2584
32.01,2723
33.11,2831
34.21,2999
35.31,3156
36.41,3272
37.91,3448
39.01,3623
40.11,3789
41.21,3915
42.31,4062
43.4,4198
44.5,4341
45.6,4483
46.7,4637
47.8,4777
48.9,4917
50.0,5052
51.1,5194
52.2,5336
53.3,5496
54.4,5632
55.5,5780
56.6,5914
57.7,9043
59.24,106263
60.34,6408
61.44,6536
62.54,6701
63.64,6839
64.74,6987
65.84,7125
66.94,7280
68.04,7420
69.14,7562
70.24,7707
71.83,7889
72.93,8055
74.03,8199
75.13,8342
76.23,8479
77.33,8630
78.43,8787
79.53,8898
80.63,9035
81.73,9180
82.83,9311
83.93,9450
85.03,9592
86.13,9736
87.23,9894
88.33,10031
89.83,10194
90.93,10350
92.03,10509
93.13,12108
94.26,10783
95.36,10900
96.45,11057
97.55,11219
98.65,11359
99.75,11476
100.85,11609
101.95,11762
103.05,11919
104.15,12048
105.25,12165
106.35,12317
107.45,12456
108.55,12615
110.14,12782
111.24,12947
112.34,13075
113.44,13217
114.54,13355
115.64,13483
116.74,13628
118.24,14212
119.34,13950
120.44,14087
121.54,14205
122.64,14371
123.74,14519
124.84,14619
125.94,14787
127.04,14922
128.14,15048
129.24,15165
130.34,15323
131.44,15463
132.54,15580
133.64,15755
134.74,15855
135.84,15969
136.94,16150
138.04,16271
139.14,16391
140.24,16560
141.33,16690
142.43,16808
143.53,16965
144.63,17072
145.73,17197
146.83,17357
147.93,17451
149.03,17613
150.13,17770
151.63,36378
152.73,18055
153.83,18213
154.93,18338
156.03,18444
157.13,18592
158.23,18729
159.33,18824
160.43,18980
161.53,19097
162.63,19262
163.73,19369
164.83,19493
165.93,19609
167.03,19779
168.13,19877
169.23,20036
170.33,20140
171.43,20300
172.53,20395
173.63,20558
174.73,20686
175.83,20779
176.93,20927
178.03,21060
179.13,21194
180.23,21345
181.33,21407
182.43,116480
183.56,21686
184.66,21827
185.76,21963
186.86,22081
187.96,22233
189.06,22353
190.16,22453
191.26,22605
192.36,22700
193.46,22887
194.96,22981
196.06,23159
197.16,23263
198.26,23410
199.35,23485
200.45,23661
201.55,23756
202.65,23872
203.75,23998
204.85,24133
205.95,24285
207.05,24408
208.15,24489
209.25,24660
210.35,24721
211.45,24891
212.55,24987
213.65,25106
214.75,25259
215.85,25378
216.95,25502
218.05,25617
219.15,25747
220.25,25877
221.35,26001
222.45,26103
223.55,26204
224.65,26356
225.75,26481
226.85,26613
227.95,26706
229.05,26824
230.15,26939
231.65,27131
232.75,27235
233.85,27350
234.95,27480
236.05,27561
237.15,27710
238.25,27851
239.35,27967
240.45,28049
241.55,28162
242.65,28276
243.75,28411
244.85,28555
245.95,28622
247.05,28770
248.15,28854
249.25,28953
250.35,29078
251.45,29208
252.55,29324
253.65,29444
254.75,29555
255.85,29665
256.95,29791
258.05,29872
259.15,30034
260.25,30091
261.35,30246
262.45,30321
263.55,30473
264.65,30576
265.75,30688
266.85,30806
267.95,30911
269.05,31029
270.15,31134
271.25,31241
272.35,31343
273.85,31480
274.95,31594
276.05,31742
277.15,31796
278.25,31938
279.35,32054
280.45,32155
281.55,32259
282.65,32358
283.75,32478
284.85,32560
286.35,32716
287.45,32816
288.55,32899
289.64,33047
290.74,33139
291.84,33245
292.94,33347
294.04,33439
295.14,33563
296.24,33643
297.34,33763
298.44,33837
299.54,33958
300.64,34054
301.74,34161
302.84,34238
303.94,34374
305.04,34439
306.14,34569
307.24,34675
308.34,34742
309.44,34858
310.54,34947
311.64,35069
312.74,35153
313.84,35268
314.94,35357
316.04,35430
317.14,35539
318.24,35620
319.34,35747
320.44,35842
321.54,35935
322.64,36031
323.74,36147
324.84,36189
325.94,36329
327.04,36411
328.14,36510
329.24,36591
330.34,36706
331.44,36780
332.54,36898
333.64,37010
334.74,37060
335.84,37162
336.94,37230
338.04,37351
339.14,37421
340.24,37536
341.34,37574
342.44,37701
343.54,37773
344.64,37872
345.74,37963
346.84,38066
347.94,38125
349.04,38230
350.14,38306
351.24,38405
352.34,38499
353.44,38589
354.54,38690
355.64,38775
356.74,38847
357.84,38932
358.94,39014
360.04,39094
361.14,39158
362.24,39267
363.34,39333
364.44,39415
365.54,39489
366.64,39579
367.74,39671
369.24,41229
370.34,39858
371.44,39938
372.54,40011
373.64,40075
374.74,40175
375.84,40249
376.94,40336
378.04,40406
379.14,40484
380.24,40546
381.34,40619
382.44,40706
383.54,40795
384.64,40851
385.74,40923
386.84,40982
387.94,41056
389.04,41126
390.14,41222
391.24,41205
392.34,41316
393.44,41374
394.54,41451
395.64,41539
396.74,41564
397.84,41641
398.94,41717
400.04,41803
401.14,41884
402.24,41933
403.34,41991
404.44,42082
405.54,42135
406.64,42189
407.74,42209
408.84,42275
409.94,42359
411.04,42433
412.14,42475
413.24,42534
414.34,42595
415.84,52868
416.94,42725
418.04,42788
419.14,42856
420.24,42901
421.34,42946
422.44,42995
423.54,43073
424.64,43084
425.74,43164
426.84,43342
427.97,43275
429.07,43310
430.17,43364
431.3,43439
432.4,43486
433.5,43545
434.6,43592
435.7,43628
436.8,43665
437.9,43722
439.0,43788
440.1,43817
441.2,43853
442.3,43892
443.4,43925
444.9,43958
446.0,44014
447.1,44035
448.2,43903
449.3,43942
450.4,43989
451.5,44037
452.6,44076
453.7,44097
454.8,44122
455.9,44184
457.0,44207
458.5,53944
459.6,44310
460.7,44315
461.8,44378
462.9,44388
464.0,44422
465.1,44444
466.2,44479
467.33,44510
468.43,44536
469.53,44547
470.63,44566
471.73,44610
472.92,44610
474.51,44651
475.61,44692
476.71,44736
477.81,44779
478.91,44805
480.01,44926
481.11,45037
482.21,45690
483.31,45954
484.41,46089
485.51,44918
486.61,45015
487.71,45039
488.81,45073
489.91,45104
491.01,44966
492.11,45180
493.21,44861
494.31,45129
495.41,45263
496.51,45268
497.61,45283
498.71,45355
499.81,45393
500.91,45308
502.01,54727
503.14,45478
504.24,45493
505.34,45517
506.44,45564
507.54,45568
508.64,45567
509.74,46003
510.84,46334
511.94,46303
513.04,45556
514.14,52034
515.24,57174
516.34,58943
517.44,59496
518.94,59185
520.04,59346
521.14,59388
522.24,58949
523.83,38249
524.93,61166
526.03,70625
527.13,72273
528.23,73591
529.33,73501
530.43,73271
531.53,76020
532.63,87646
533.73,91678
534.83,73650
535.93,75744
537.03,77394
538.53,81648
539.63,78938
540.73,75610
541.83,73837
542.93,74486
544.03,74757
545.13,79663
546.23,73952
547.33,84060
548.43,89554
549.53,74787
550.63,68752
551.73,10195
552.83,0
553.93,0
555.03,0
556.13,0
557.23,0
558.33,0
559.43,0
560.53,0
561.63,0
562.73,0
563.83,0
565.33,0
566.43,0
567.53,0
568.63,0
569.73,0
570.83,0
571.93,0
573.03,0
574.13,0
575.23,0
576.33,0
577.43,0
578.61,329
579.71,0
580.81,0
581.91,0
583.01,0
584.11,0
585.21,0
586.31,0
587.41,0
588.51,0
589.61,0
590.71,0
591.81,0
592.91,0
594.01,0
595.11,0
596.21,0
597.31,2273
598.85,0
599.95,0
601.05,0
602.15,0
603.25,0
604.35,0
605.45,0
606.58,0
607.68,0
608.78,0
609.88,0
610.98,0
612.08,0
613.18,0
614.28,0
615.38,0
616.48,0
617.58,0
618.68,0
619.78,0
620.88,0
621.98,0
623.08,0
624.18,0
625.28,0
626.38,0
627.48,0
628.58,0
629.68,0
630.78,0
631.88,0
632.98,0
634.08,0
635.18,0
636.28,0
637.38,0
638.48,0
639.58,0
640.68,0
641.78,0
643.37,9564
644.47,0
645.57,0
646.67,0
647.77,2322
648.87,9630
650.46,0
651.56,0
652.66,0
653.76,0
654.86,0
655.96,0
657.06,0
658.16,0
659.26,0
660.85,100393
661.95,0
663.05,0
664.15,0
665.25,0
666.35,0
667.45,0
668.55,0
669.65,0
670.75,0
671.85,0
672.95,0
674.05,0
675.15,0
676.25,0
677.35,0
678.44,0
679.54,0
680.64,0
681.75,0
682.88,0
683.98,0
685.08,0
686.21,0
687.31,0
688.41,0
689.51,0
690.61,0
691.71,0
692.81,0
693.91,0
695.01,188
696.11,0
697.21,0
698.31,0
699.41,0
700.51,0
701.61,0
702.71,0
703.81,0
704.91,0
706.01,0
707.11,0
708.21,2812
709.34,0
710.44,0
711.54,0
712.64,0
713.74,0
714.84,0
716.34,0
717.44,0
718.54,0
719.64,0
720.74,0
721.84,0
722.94,0
724.04,0
725.14,0
726.24,0
727.34,0
728.44,0
729.54,8903
730.64,10055
731.74,0
732.84,0
733.94,2254
735.04,0
736.14,0
737.24,0
738.34,0
739.44,0
740.54,0
741.64,0
742.74,0
743.84,0
744.94,0
746.04,0
747.14,0
748.24,0
749.34,0
750.44,0
751.54,0
752.64,0
753.74,0
754.84,0
755.94,0
757.04,0
758.14,0
759.24,0
760.34,0
761.44,0
762.54,0
