0,0
1.12,3
2.22,3
3.32,3
4.42,3
5.52,4
6.62,4
7.72,3
8.82,2
10.32,365
11.42,2
12.52,1
13.62,2
14.72,2
15.82,3
16.92,2
18.02,2
19.12,2
20.22,1
21.32,1
22.42,0
23.52,0
24.62,0
25.72,71
26.82,0
27.92,61
29.02,45
30.12,90
31.22,131
32.32,259
33.45,231
34.55,214
35.65,313
37.15,282
38.25,283
39.35,449
40.45,496
41.55,489
42.65,551
43.75,525
44.85,513
45.95,564
47.05,570
48.15,578
49.25,644
50.35,619
51.45,623
52.55,663
54.14,654
55.24,641
56.34,641
57.44,665
58.54,649
59.64,644
60.74,667
61.84,651
62.94,650
64.04,692
65.14,708
66.24,693
67.34,727
68.44,733
69.54,712
70.64,733
71.74,740
72.84,724
74.43,742
75.53,734
76.63,743
77.73,732
78.83,734
79.93,741
81.03,736
82.13,732
83.31,740
84.41,743
85.51,733
86.61,743
87.71,744
88.81,737
89.91,744
91.01,741
92.11,739
93.22,739
94.4,743
95.5,741
96.6,742
97.7,746
98.8,744
100.39,747
101.49,742
102.59,748
103.69,744
104.79,747
105.89,751
106.99,746
108.09,744
109.19,753
110.29,751
111.39,744
112.49,750
113.59,751
114.69,750
115.79,753
116.89,752
117.99,748
119.09,749
120.19,756
121.29,756
122.39,748
123.49,759
124.59,782
125.69,775
126.79,793
127.89,800
128.99,795
130.09,797
131.19,857
132.29,955
133.39,979
134.49,996
135.59,1037
136.69,1054
137.79,1044
138.89,1044
139.99,1058
141.09,1063
142.59,1070
143.69,1057
144.79,1052
145.89,1053
146.99,1069
148.09,1072
149.19,1082
150.29,1115
151.79,1162
152.89,1209
153.99,1230
155.09,1303
156.19,1338
157.29,1409
158.39,1449
159.49,1466
160.59,1534
161.69,1606
162.79,1636
163.89,1656
164.99,1731
166.09,1753
167.19,1826
168.29,1886
169.39,1944
170.49,1959
171.59,1996
172.69,2040
173.79,2050
174.89,2070
175.99,2092
177.09,2110
178.19,2162
179.29,2166
180.39,2249
181.49,2264
182.59,2315
183.69,2339
184.79,2351
185.89,2351
186.99,2351
188.09,2360
189.19,2366
190.29,2368
191.39,2371
192.49,2375
193.59,2358
194.69,2369
195.79,2359
196.89,2392
197.99,2395
199.09,2405
200.19,2416
201.29,2415
202.39,2439
203.49,2429
204.59,2469
205.69,2481
206.79,2497
207.89,2512
208.99,2537
210.09,2564
211.19,2601
212.29,2626
213.39,2616
214.49,2639
215.59,2651
216.69,2658
217.79,2664
218.89,2669
219.99,2688
221.09,2720
222.19,2746
223.29,2741
224.39,2780
225.49,2795
226.59,2815
227.69,2840
228.82,2827
230.32,988
231.42,2881
232.52,2893
233.62,2923
234.72,2957
235.82,2970
237.41,3002
238.51,3028
239.61,3082
240.71,3122
241.81,3155
242.91,3181
244.01,3204
245.51,3225
246.61,3257
248.11,3304
249.61,3351
251.11,4833
252.21,3622
253.31,3685
254.41,3714
255.51,3753
256.61,3765
257.71,3807
258.81,3836
259.91,3856
261.01,3876
262.11,3886
263.21,3885
264.31,3928
265.41,3942
266.51,3923
267.61,3970
268.71,3996
270.3,4053
271.4,4076
272.5,4077
273.6,4080
274.7,4082
275.8,4084
276.9,4085
278.0,4087
279.1,4087
280.2,4089
281.3,4090
