0,0
1.13,2
2.23,2
3.33,2
4.43,2
5.53,2
6.63,2
7.73,3
8.83,2
9.93,2
11.03,4
12.13,2
13.23,4
14.33,3
15.43,3
16.53,6
17.63,5
18.73,5
19.83,6
20.93,28
22.03,52
23.13,29
24.23,51
25.33,90
26.43,159
27.53,217
28.63,272
29.73,333
30.83,407
31.93,474
33.03,540
34.13,582
35.23,658
36.33,723
37.43,791
38.53,865
39.63,1013
40.73,1100
41.83,1159
43.42,5414
44.52,1301
45.62,1303
46.72,1311
47.82,1321
48.92,1594
50.05,1345
51.15,1347
52.25,1345
53.35,1343
54.45,1342
55.55,1345
56.65,1352
57.75,1358
58.85,1361
59.95,1363
61.05,1364
62.15,1367
63.25,2050
64.38,1382
65.48,1385
66.58,1386
67.68,1388
68.78,1388
69.88,1392
70.98,1398
72.09,1401
73.27,1402
74.37,1402
75.47,1403
76.57,1405
77.67,1408
78.77,1410
79.87,1412
80.97,1411
82.07,1411
83.17,1413
84.27,1379
85.37,1402
86.47,1429
87.57,1460
88.67,1516
89.77,1558
90.87,1625
91.97,1713
93.07,1775
94.17,1797
95.27,1805
96.37,1808
97.47,1813
98.57,1813
99.76,1817
100.86,1830
101.96,1786
103.06,1825
104.16,1836
105.26,1861
106.36,1906
107.46,1954
108.56,1993
109.66,2057
110.76,2136
111.86,2189
112.96,2256
114.06,2350
115.16,1065
116.26,2148
117.36,2253
118.86,2511
119.96,2434
121.06,2522
122.16,2581
123.26,2566
124.36,2536
125.46,2547
126.56,2570
127.66,2571
128.76,2563
129.86,2555
130.96,2553
132.06,2571
133.16,2561
134.26,2572
135.36,2589
136.46,2603
137.56,2628
138.66,2644
139.76,2633
140.86,2639
141.96,2731
143.06,2848
144.16,2930
145.26,2985
146.36,3014
147.46,2986
148.56,3020
149.66,3041
151.25,3057
152.35,3075
153.45,3070
154.55,3078
155.65,3088
156.75,3097
157.85,3106
158.95,3118
160.05,3149
161.15,3171
162.74,3264
163.84,3202
164.94,3215
166.04,3225
167.14,3223
168.24,3229
169.34,3242
170.44,3239
171.54,3225
172.64,3245
173.74,3251
174.84,3253
175.94,3251
177.04,3248
178.14,3259
179.24,3264
180.34,3261
181.44,3251
182.54,3261
183.64,3271
184.74,3251
185.84,3245
186.94,3252
188.04,3268
189.14,3273
190.24,54709
191.38,3264
192.56,3274
193.66,3262
194.76,3279
195.86,3279
196.96,3268
198.06,3262
199.16,3269
200.26,3285
201.36,3269
202.46,3247
203.56,3279
204.66,3288
205.76,3264
206.86,3262
207.96,3279
209.06,3282
210.16,3275
211.26,3271
212.36,3281
213.46,3277
214.96,3279
216.06,3323
217.56,3361
218.66,3380
219.76,3386
220.86,3386
221.96,3432
223.55,3452
224.65,3468
225.75,3467
226.85,3478
227.95,3492
229.05,3491
230.55,3498
231.65,3540
232.78,3618
233.88,3668
234.98,3689
236.08,3743
237.18,3826
238.28,3854
239.38,3854
240.48,3868
241.58,3884
242.68,3882
243.78,3878
244.96,3859
246.06,3885
247.16,3884
248.26,3928
249.36,3985
250.46,4029
251.56,4083
252.66,4142
253.76,4195
254.86,4247
255.96,4289
257.06,4358
258.16,4441
259.26,4506
260.36,4626
261.46,4700
263.05,4812
264.15,4882
265.25,4952
266.35,4978
267.45,5029
268.55,5079
269.65,5191
270.75,5233
271.85,5364
272.95,5428
274.05,5484
275.15,5540
276.25,5719
277.35,5821
278.45,5928
279.55,6014
280.65,6060
281.75,6145
282.85,6223
283.95,6307
285.05,6379
286.15,6426
287.25,6507
288.35,6580
289.45,6649
290.55,6752
291.65,6858
292.75,6950
293.85,7113
294.95,7187
296.05,7274
297.15,7303
298.25,7311
299.35,7324
300.45,7330
301.55,7327
302.65,7335
303.75,7335
