0,0
1.18,0
2.28,0
3.38,1
4.48,0
5.58,0
6.68,2
7.78,0
8.88,0
9.98,0
11.08,0
12.67,50080
13.77,0
14.87,0
15.97,0
17.07,0
18.17,0
19.27,0
20.37,6
21.47,0
22.97,0
24.07,4
25.17,10
26.35,13
27.45,24
28.55,15
29.65,27
30.75,24
31.85,83
33.03,113
34.13,240
35.23,262
36.33,288
37.43,357
38.53,382
39.63,385
40.73,395
41.83,469
42.96,472
44.06,487
45.16,485
46.26,494
47.36,487
48.46,489
49.56,508
50.66,496
51.76,512
52.86,506
53.96,514
55.06,511
56.16,509
57.26,540
58.36,503
59.46,532
60.56,520
61.66,515
62.76,531
63.86,515
64.96,530
66.06,501
67.16,528
68.26,513
69.36,518
70.46,529
71.56,524
72.66,23017
73.79,537
74.89,505
75.99,532
77.12,517
78.22,538
79.32,524
80.42,533
81.52,537
82.62,521
83.72,537
84.82,527
85.92,520
87.02,531
88.12,521
89.22,526
90.32,543
91.42,496
92.52,553
93.62,519
94.72,534
95.82,532
96.92,525
98.02,543
99.12,516
100.22,543
101.72,575
102.82,613
103.92,666
105.02,692
106.12,705
107.22,716
108.32,720
109.42,726
110.52,730
111.62,730
112.72,733
113.82,734
114.92,735
116.02,736
117.12,737
118.62,914
119.72,785
120.82,814
121.92,810
123.02,819
124.12,817
125.25,822
126.35,948
127.48,816
128.58,885
130.08,934
131.18,957
132.36,962
133.46,976
134.56,970
135.66,983
136.76,977
137.86,983
138.96,980
140.06,973
141.16,930
142.26,976
143.36,992
144.46,1019
145.56,1067
146.66,1128
147.76,1196
148.86,1267
149.96,1321
151.06,1386
152.16,1433
153.26,1486
154.36,1556
155.46,1603
156.56,1653
157.66,1732
158.76,1791
159.86,1843
160.96,1880
162.06,1966
163.16,2054
164.26,2118
165.36,2213
166.46,2259
167.56,2349
168.66,2403
169.76,2483
170.86,2530
171.96,2617
173.06,2697
174.16,2774
175.26,2811
176.36,2832
177.46,2877
178.56,2914
179.66,2973
180.76,3019
181.86,3092
182.96,3140
184.06,3199
185.16,3245
186.26,3319
187.36,3419
188.46,3537
189.56,3711
190.66,3842
191.76,3986
192.86,4084
193.96,4154
195.06,4246
196.16,4332
197.26,53046
198.39,4498
199.49,4615
200.59,4668
201.69,4770
202.79,4840
203.89,4904
204.99,5007
206.09,5067
207.59,5603
208.69,5371
209.79,5535
210.89,5576
211.99,5722
213.09,5768
215.08,6092
216.18,6038
217.28,6062
218.38,6111
219.48,6139
220.58,6166
221.68,6168
222.78,6188
223.88,6187
224.98,6197
226.08,6197
227.18,6198
