0,0
1.16,22
2.26,18
3.36,22
4.46,21
5.56,25
6.66,23
7.76,26
8.86,25
9.96,27
11.06,21
12.56,10
13.66,36
14.76,12
15.86,30
16.96,31
18.06,33
19.16,32
20.26,44
21.36,39
22.46,58
23.56,60
24.66,76
25.76,79
26.86,110
27.99,84
29.09,193
30.22,156
31.32,232
32.42,265
33.52,423
34.62,506
35.72,571
36.82,587
37.92,587
39.02,604
40.12,568
41.22,606
42.32,612
43.42,615
44.52,660
45.62,753
46.72,933
47.82,902
48.92,987
50.02,1054
51.12,1069
52.22,1206
53.32,1319
54.42,1427
55.52,1553
56.62,1629
57.72,1728
58.82,1846
59.92,1950
61.02,2028
62.12,2099
63.22,2083
64.32,2096
65.42,2121
66.52,2133
67.62,2163
68.72,2275
69.82,2383
70.92,2514
72.02,2605
73.12,2668
74.22,2778
75.32,2867
76.42,2908
77.52,2933
78.62,3004
79.72,3071
80.82,3154
81.92,3301
83.02,3426
84.12,3508
85.62,4160
86.72,3558
87.82,3604
88.92,3661
90.02,3731
91.12,3850
92.22,3956
93.32,4093
94.42,4194
95.52,4221
96.62,4258
97.72,4325
98.82,4373
99.92,4426
101.02,4515
102.12,4640
103.22,4737
104.32,4813
105.42,4873
106.52,4911
107.62,4946
108.72,4972
109.82,4994
110.92,5018
112.02,5043
113.12,5071
114.22,5109
115.32,5150
116.42,5187
117.52,5228
118.62,5280
119.72,5341
120.82,5443
121.92,5523
123.02,5587
124.12,5682
125.22,5765
126.32,5821
127.42,5896
128.52,6006
129.62,6074
130.72,6148
131.82,6227
132.92,6275
134.02,6382
135.12,6419
136.22,6448
137.32,6542
138.42,6632
139.92,31124
141.02,6919
142.12,7167
143.22,7295
144.32,7363
145.42,7429
146.52,7431
147.62,7473
148.72,7439
149.82,7509
150.92,7541
152.02,7542
153.12,7533
154.22,7548
155.32,7561
156.42,7555
157.52,7553
158.62,7562
159.72,7567
160.82,7562
161.92,7562
163.02,7567
164.12,7568
165.22,7567
166.32,7569
167.42,7571
168.52,7570
169.62,7571
170.72,7571
171.82,7573
173.41,31699
174.51,7575
