0,0
1.15,11
2.25,11
3.35,10
4.45,11
5.54,13
6.64,13
7.74,11
8.84,12
9.94,13
11.04,11
12.14,10
13.24,0
14.34,0
15.44,16
16.54,48
17.64,73
18.74,91
19.84,114
20.94,119
22.04,184
23.14,234
24.24,274
25.34,355
26.44,445
28.03,608
29.16,736
30.26,931
31.36,1017
32.86,1133
34.36,2702
35.46,1359
36.56,1395
37.66,1465
38.76,1598
39.86,1745
40.96,1812
42.06,1947
43.16,2025
44.26,2132
45.36,2296
46.49,2369
47.59,2441
48.69,2449
49.79,2493
50.89,2520
51.99,2516
53.09,2506
54.19,2545
55.29,2549
56.39,2627
57.49,2757
58.59,2795
59.69,2881
60.79,2971
61.89,3040
62.99,3143
64.09,3226
65.19,3289
66.29,3434
67.39,3527
68.49,3636
69.59,3725
70.69,3773
71.79,3849
72.89,3990
73.99,4162
75.09,4367
76.59,4692
77.69,4766
78.79,4814
79.89,4892
80.99,5016
82.09,5123
83.19,5167
84.29,5255
85.39,5305
86.49,5336
87.59,5375
88.69,5378
89.79,5426
90.89,5464
91.99,5484
93.09,5597
94.19,5674
95.29,5776
96.39,5992
97.49,6247
98.59,6478
99.69,6575
100.79,6735
101.89,6834
102.99,6991
104.09,6985
105.19,7065
106.29,7026
107.39,7067
108.49,7044
