0,0
1.18,0
2.28,0
3.38,0
4.48,0
5.58,0
6.68,0
7.78,0
8.88,0
9.98,0
11.08,0
12.18,93
13.31,0
14.41,0
15.51,0
16.61,0
17.71,0
18.81,0
19.91,33
21.01,76
22.11,144
23.21,215
24.31,300
25.41,382
26.51,431
27.61,528
28.71,594
29.81,673
30.91,715
32.01,787
33.11,860
34.21,932
35.31,1088
36.41,1183
37.51,1301
38.61,1433
39.71,1507
40.81,1579
41.91,1644
43.01,1704
44.51,1809
45.61,1946
46.71,2076
48.3,23226
49.4,2261
50.5,2346
51.6,2446
52.73,2537
53.83,2579
54.93,2669
56.03,2709
57.13,2798
58.23,2892
59.33,3041
60.83,3286
61.93,3162
63.03,3204
64.13,3288
65.23,3395
66.33,3568
67.43,3638
68.53,3708
69.63,3755
70.73,3874
71.83,3970
72.93,4167
74.03,4230
75.13,4313
76.23,4414
77.33,4545
78.43,4617
79.53,4693
80.63,4771
81.73,4825
82.83,4943
83.93,5062
85.03,5355
86.13,5523
87.23,5779
88.33,5928
89.43,6123
90.53,6200
91.63,12217
92.76,6279
93.86,6305
94.96,6307
