0,0
1.12,0
2.22,15670
3.35,0
4.45,0
5.55,0
6.65,0
7.75,0
8.85,0
9.95,2
11.05,5
12.15,7
13.25,7
14.35,8
15.45,9
16.55,10
17.65,9
18.75,10
19.85,11
20.95,11
22.05,11
23.15,10
24.25,11
25.35,10
26.45,2
27.55,10
28.65,12
29.75,0
30.85,0
31.95,0
33.05,0
34.15,0
35.25,0
36.35,0
37.45,0
38.55,0
39.65,0
40.75,0
41.88,0
42.98,2
44.08,2
45.18,3
46.28,5
47.38,7
48.48,10
49.58,0
50.68,10
51.78,0
52.88,11
53.98,14
55.08,68
56.18,108
57.28,138
58.38,194
59.48,243
60.58,262
61.68,271
62.78,283
63.88,287
64.98,294
66.08,7662
67.21,326
68.31,329
69.41,335
70.51,336
71.61,340
72.71,342
73.81,344
74.91,346
76.01,325
77.11,350
78.21,357
79.34,376
80.44,400
81.54,425
82.64,450
83.74,495
84.84,513
85.94,523
87.04,527
88.14,532
89.24,536
90.34,539
91.44,541
92.54,543
93.64,544
94.74,546
95.84,621
96.97,537
98.07,540
99.17,575
100.27,591
101.37,603
102.47,625
103.57,643
104.67,669
105.77,704
106.87,732
107.97,767
109.07,811
110.17,831
111.27,843
112.37,850
113.47,855
114.57,858
115.67,860
116.77,862
117.87,850
118.97,861
120.15,868
121.25,873
122.35,883
123.45,898
124.55,910
125.65,922
126.75,933
127.85,962
128.95,970
130.05,977
131.15,980
132.25,982
133.35,984
134.94,970
136.04,984
137.14,985
138.24,966
139.34,988
140.44,989
141.54,990
142.64,992
143.74,992
144.84,993
145.94,996
147.04,985
148.14,997
149.24,1001
150.34,1002
151.44,1003
152.54,1004
153.64,1008
154.74,1013
155.84,945
156.94,1021
158.04,1028
159.14,1029
160.24,1035
161.34,1037
162.44,1037
163.54,1042
164.64,1044
165.74,1045
166.84,1048
167.94,1048
169.04,1028
170.14,1050
171.24,1046
172.34,1048
173.44,1058
174.54,1072
175.64,1096
176.74,1086
177.84,1131
179.34,1164
180.44,1173
181.54,1182
182.64,1191
183.74,1253
184.84,1354
185.94,1459
187.44,2326
188.54,1599
189.64,1625
190.74,1632
191.84,1639
192.94,1655
194.04,1658
195.14,1660
196.24,1646
197.34,1668
198.44,1668
199.54,1701
200.64,1732
201.74,1766
202.84,1801
203.94,1836
205.44,1908
206.57,1968
207.67,1982
208.77,1988
209.87,1995
210.97,2007
212.07,2004
213.17,2008
214.27,1999
215.37,1997
216.47,2012
217.57,2018
218.67,2025
219.77,2009
220.87,2026
221.97,2031
223.07,2035
224.17,2034
225.27,2036
226.37,2040
227.47,2042
228.57,2048
229.67,2054
230.77,2062
231.87,2073
232.97,2080
234.07,2088
235.17,2091
236.27,2097
237.37,2103
238.47,2105
239.57,2107
240.67,2109
241.77,2112
242.87,2112
243.97,2098
245.07,2114
246.17,2099
247.27,2125
248.37,2145
249.47,2160
250.57,2181
251.67,2193
252.77,2221
253.87,2252
254.97,2302
256.07,2329
257.17,2339
258.27,2351
259.37,2363
260.47,2368
261.57,2370
262.67,2371
263.77,2376
264.87,2378
265.97,2381
267.07,2383
268.17,2383
269.27,2386
270.37,2389
271.47,2390
272.57,2392
273.67,2393
274.77,2395
275.87,2394
276.97,2396
278.07,2397
279.17,2401
280.27,2406
281.37,2398
282.47,2417
283.57,9076
284.7,2456
285.8,2495
286.9,2531
288.0,2555
289.1,2590
290.69,2657
291.79,2733
292.89,2766
293.99,2782
295.09,2794
296.19,2795
297.29,2800
298.39,2804
299.49,2808
300.59,2810
301.69,2811
302.79,2811
