0,0
1.14,27
2.24,27
3.34,26
4.44,23
5.54,25
6.64,26
7.74,26
8.84,27
9.94,25
11.04,22
12.14,21
13.24,20
14.34,24
15.44,5
16.54,12
17.64,24
18.74,24
19.84,25
20.94,24
22.04,25
23.14,22
24.24,21
25.34,22
26.44,18
27.54,23
28.64,24
29.74,24
30.84,24
31.94,38
33.04,21
34.14,23
35.24,25
36.34,26
37.44,27
38.54,27
39.64,27
40.74,26
41.84,26
42.94,26
44.04,25
45.14,26
46.24,27
47.34,27
48.44,27
49.54,26
50.64,27
51.74,26
52.84,27
53.94,26
55.04,29
56.14,27
57.24,26
58.34,24
59.44,23
60.54,24
61.64,26
62.74,30
63.84,31
64.94,31
66.04,31
67.14,37
68.32,37
69.42,37
70.52,40
71.62,42
72.72,51
73.82,55
74.92,59
76.02,64
77.12,67
78.71,68
79.81,75
80.91,75
82.01,74
83.11,77
84.21,78
85.31,79
86.41,79
87.51,81
88.61,81
89.71,85
91.21,402
92.31,130
93.41,139
95.31,0
96.41,154
97.51,161
98.61,165
99.71,166
100.81,164
101.91,145
103.01,171
104.1,174
105.2,178
106.3,183
107.4,165
108.5,190
109.6,212
110.7,239
111.8,265
112.9,304
114.0,339
115.1,372
116.2,421
117.3,429
118.4,441
119.5,453
120.6,470
122.1,486
123.2,525
124.3,550
125.4,573
126.5,608
127.6,639
128.78,662
129.88,663
130.98,691
132.08,731
133.18,750
134.28,765
135.38,768
136.48,775
137.58,770
138.68,780
139.78,783
140.88,788
141.98,787
143.08,807
144.18,810
145.28,816
146.38,817
147.48,818
148.58,819
149.68,818
150.78,820
151.88,820
152.98,821
154.08,822
155.18,823
156.28,823
157.38,823
158.48,822
159.58,823
160.68,824
161.78,823
162.88,824
163.98,825
165.08,829
166.18,829
167.28,829
168.38,830
169.48,830
170.58,830
171.68,830
172.78,831
173.88,832
174.98,831
176.08,831
177.18,832
178.28,832
179.38,832
180.48,834
181.58,834
182.68,814
183.78,830
184.88,824
185.98,863
187.08,898
188.18,919
189.28,938
190.38,926
191.48,5064
192.58,964
193.68,980
195.18,1001
196.28,1049
197.38,1061
198.88,0
200.01,1101
201.11,1115
202.21,1110
203.31,1131
204.41,1144
205.51,1136
207.01,1165
208.11,1196
209.21,1203
210.31,1200
211.41,1213
212.51,1217
213.61,1197
214.71,1238
215.81,1256
216.91,1261
218.01,1264
219.11,1265
220.21,1280
221.31,1304
222.41,1327
223.51,1346
224.61,1359
225.71,1381
226.81,1399
227.91,1423
229.01,1424
230.11,1474
231.21,1482
232.31,1498
233.41,1519
234.51,1538
235.61,1554
236.71,1572
237.81,1590
238.91,1606
240.01,1625
241.11,1646
242.7,1680
243.8,1705
244.9,1729
246.0,1746
247.1,1767
248.2,1768
249.3,1814
250.4,1828
251.5,1834
252.6,1825
253.7,1829
254.8,1834
255.9,1833
257.0,1831
258.1,1835
259.2,1843
260.3,1849
261.4,1848
262.5,1848
263.6,1847
