0,0
1.15,2
2.28,0
3.38,14100
4.51,0
5.61,0
6.71,3
7.84,0
8.94,0
10.04,0
11.14,0
12.24,0
13.34,0
14.44,0
15.54,0
16.64,5875
17.77,0
18.87,0
20.0,0
21.1,0
22.2,0
23.3,0
24.4,0
25.5,0
26.6,0
27.7,0
28.8,0
29.9,0
31.0,0
32.1,0
33.2,0
34.3,0
35.84,0
36.94,0
38.04,0
39.14,0
40.24,0
41.34,1
42.44,3
43.54,1
44.64,0
45.74,0
46.84,0
47.97,1
49.07,0
50.17,0
51.27,0
52.37,0
53.47,0
54.57,0
55.67,0
56.77,0
57.87,0
58.97,0
60.07,0
61.17,2
62.27,3
63.37,4
64.47,4
65.57,4
66.67,4
67.77,6
68.87,129
69.97,4
71.07,5
72.17,6
73.27,6
74.37,5
75.47,5
76.57,7
77.67,7
78.77,42
79.9,6
81.0,6
82.1,6
83.2,0
84.3,6
85.4,7
86.5,9
87.6,10
88.7,9
89.8,10
90.9,13
92.0,16445
93.1,8
94.2,9
95.3,22
96.4,13
97.5,16
98.6,18
99.7,19
100.8,21
101.9,25
103.4,52
104.5,20
105.6,23
106.7,24
107.8,20
108.9,19
110.0,22
111.09,26
112.19,29
113.29,35
114.39,37
115.49,41
116.59,43
117.69,44
118.79,45
119.89,29
120.99,30
122.09,43
123.19,50
124.29,54
125.39,55
126.49,56
127.59,60
128.69,61
129.87,66
130.97,73
132.07,81
133.17,93
134.27,127
135.37,146
136.47,163
137.57,173
138.67,190
139.77,200
140.95,205
142.05,208
143.15,210
144.25,212
145.35,205
146.45,202
147.55,215
148.65,219
149.75,221
150.85,221
151.95,223
153.05,224
154.55,0
155.65,215
156.75,235
158.34,266
159.44,258
160.54,281
161.64,350
162.74,393
163.84,428
164.94,454
166.04,471
167.14,490
168.24,499
169.34,504
170.44,529
171.54,527
172.64,541
173.74,551
174.84,562
176.43,629
177.53,617
178.63,628
179.73,642
180.83,659
181.93,680
183.03,697
184.13,213
185.67,0
186.77,755
187.87,773
188.97,782
190.07,787
191.17,804
192.27,809
193.37,812
194.96,813
196.06,814
197.16,815
198.26,820
199.36,822
200.46,826
201.56,827
202.66,817
203.76,831
204.86,832
205.96,839
207.06,840
208.16,883
209.75,970
210.85,927
211.95,930
213.05,946
214.15,948
215.25,959
216.35,973
217.45,979
218.55,983
219.65,986
220.75,988
221.85,31218
222.98,1030
224.08,1047
225.18,1050
226.28,1030
227.38,1059
228.48,1063
229.58,1072
230.68,1078
231.78,1082
232.88,1085
233.98,1104
235.08,1129
236.18,1148
237.28,1158
238.38,1163
239.48,1166
240.58,1199
241.68,1202
242.78,1200
243.88,1200
244.98,1205
246.08,1210
247.18,1222
248.28,1238
249.38,1258
250.48,1271
251.58,1280
252.68,1288
253.78,1292
254.88,1286
255.98,1296
257.08,1299
258.18,1305
259.28,1313
260.38,1328
261.48,1336
262.58,1382
263.68,1393
264.78,1399
265.88,1404
266.98,1407
268.08,1411
269.18,1413
270.28,1414
271.38,1416
272.48,1416
273.58,1445
275.12,1449
276.22,1444
