0,0
1.13,4
2.23,4
3.33,7
4.43,6
5.53,7
6.63,9
7.73,8
8.83,10
9.93,11
11.03,11
12.13,12
13.23,2
14.33,11
15.43,12
16.53,12
17.63,13
18.73,14
19.83,14
20.93,15
22.03,13
23.13,75
24.23,124
25.33,180
26.43,178
28.02,307
29.12,196
30.22,285
31.32,353
32.42,456
33.52,498
34.71,520
35.81,583
36.91,646
38.01,763
39.11,773
40.21,926
41.31,1034
42.41,1066
43.51,1173
44.61,1220
45.71,1362
46.81,1407
47.91,1437
49.01,1526
50.11,1561
51.21,1614
52.31,1730
53.41,1859
54.51,1939
55.61,2023
56.71,2106
57.81,2174
58.91,2235
60.01,2281
61.14,2333
62.24,2406
63.34,2510
64.44,2656
65.54,2710
66.67,2772
68.26,2858
69.36,2974
70.49,3013
71.59,3042
72.69,3096
74.28,56098
75.38,3300
76.48,3379
77.58,3454
78.68,3577
79.78,3653
80.88,3703
81.98,3758
83.08,3817
84.18,3931
85.28,4044
86.38,4102
87.48,4180
88.58,4246
89.68,4305
90.78,4344
91.88,4413
92.98,4477
94.08,4517
95.18,4622
96.28,4658
97.38,4678
98.48,4688
99.58,4697
101.17,57097
102.27,4694
103.37,4696
104.96,57102
106.06,4707
107.16,4702
108.26,4743
109.36,4772
110.46,4812
111.56,4846
112.66,4890
113.76,4954
114.86,5015
115.96,5078
117.06,5142
118.16,5196
119.26,5243
120.85,5356
121.95,5469
123.05,5658
124.15,5791
125.25,5880
126.35,5950
127.45,6050
128.55,6151
129.65,6224
130.75,6276
131.85,6362
133.04,6439
134.14,6490
135.24,6550
136.34,6999
137.47,6742
138.57,6894
139.67,6943
140.77,6958
141.87,6956
142.97,6959
144.07,6967
145.17,6972
146.27,6969
147.37,6967
148.47,6972
149.57,6972
150.67,6985
151.77,6979
152.87,7062
153.97,7122
155.07,7167
156.66,7188
157.76,7202
158.86,7206
159.96,7203
161.06,7205
162.16,7210
163.26,7208
164.36,7223
165.46,7265
166.56,7328
167.66,7388
168.76,7455
169.86,7551
170.96,7648
172.06,7706
173.16,7813
174.26,7899
175.36,7995
176.46,8110
177.56,8189
178.66,8258
179.76,8336
180.86,8451
181.96,8490
183.06,8599
184.16,8692
185.26,8770
186.36,8879
187.46,8983
188.56,9072
189.66,9130
190.76,9216
191.86,9319
192.96,9431
194.06,9494
195.16,9626
196.26,9725
197.36,9781
198.46,9920
199.65,9990
200.75,10062
201.85,10171
202.95,10252
204.05,10385
205.15,10392
206.25,10411
207.35,10436
208.45,10431
209.55,10447
