0,0
1.11,0
2.21,0
3.31,0
4.41,0
5.51,0
6.61,0
7.71,0
8.81,0
9.91,0
11.01,0
12.11,0
13.21,0
14.31,0
15.41,0
16.51,0
17.61,8
18.71,34
19.81,42
20.91,58
22.01,64
23.11,75
24.21,88
25.31,102
26.41,112
27.51,136
28.61,145
29.71,180
30.81,187
31.91,193
33.0,218
34.1,233
35.2,245
36.3,257
37.4,270
38.5,293
39.6,306
40.7,326
41.8,345
42.9,329
44.0,392
45.1,403
46.2,402
47.3,419
48.4,422
49.5,451
50.6,473
51.7,487
52.8,504
53.9,515
55.0,539
56.1,558
57.2,571
58.3,585
59.4,618
60.5,588
61.6,629
62.7,646
63.8,675
64.9,686
66.0,700
67.1,708
68.2,730
69.3,739
70.4,761
71.5,789
72.6,792
73.7,837
74.8,846
75.9,861
77.0,896
78.1,912
79.2,941
80.7,958
81.8,955
82.9,990
84.0,979
85.1,1003
86.2,1057
87.3,1061
88.4,1049
89.5,1069
90.6,1087
91.7,1108
92.8,1101
93.9,1125
95.0,1142
96.1,1168
97.2,1183
98.33,1205
99.43,1210
100.53,1271
101.63,1229
102.73,1268
103.83,1277
104.93,1275
106.03,1308
107.13,1333
108.23,1426
109.33,1413
110.43,1457
111.53,1494
112.63,1503
113.73,1574
114.83,1610
115.93,1718
117.03,1724
118.13,1769
119.23,1797
120.33,1809
121.43,1920
122.53,1920
123.63,2022
124.73,2049
125.91,2110
127.01,2120
128.11,2162
129.61,0
130.74,2277
131.84,2348
132.94,2316
134.04,2449
135.14,2420
136.64,2506
137.74,2537
138.84,2595
139.94,2590
141.04,2664
142.14,2701
143.24,2713
144.34,2752
145.44,2735
146.54,2807
147.64,2795
148.77,2876
149.87,2894
150.97,2958
152.07,2984
153.17,3020
154.27,3077
155.37,3131
156.47,3161
157.57,3197
158.67,3237
159.77,3283
160.87,3287
161.97,3367
163.47,0
164.6,3444
165.7,3449
166.8,3495
167.9,3508
169.0,52850
170.13,3608
171.23,3665
172.33,3696
173.43,3733
174.53,3815
175.63,3821
176.73,3888
177.83,3922
178.93,3997
180.03,4005
181.13,4050
182.23,4109
183.33,4072
184.43,4188
185.53,4227
187.12,4272
188.22,4287
189.32,4293
190.42,4299
