0,0
1.15,0
2.25,0
3.35,0
4.45,0
5.55,0
6.65,0
7.75,0
8.85,0
9.95,0
11.05,0
12.15,0
13.25,0
14.35,0
15.45,0
16.55,51
17.65,96
18.75,135
19.85,163
20.95,218
22.05,254
23.15,298
24.25,345
25.35,394
26.45,429
27.55,478
28.65,527
29.75,567
30.85,626
31.95,656
33.05,716
34.15,752
35.25,808
36.35,848
37.45,897
39.04,964
40.14,1016
41.24,1053
42.83,1769
43.93,1164
45.03,1210
46.13,1250
47.22,1304
48.32,1364
49.42,1378
50.52,1460
51.62,1473
52.72,1542
53.82,1583
54.92,1634
56.02,1661
57.12,1712
58.22,1755
59.32,1811
60.42,1855
61.52,0
62.65,2320
64.24,9214
65.34,2054
66.44,2096
67.54,2144
68.64,2204
69.74,2268
70.84,2284
71.94,2353
73.04,2374
74.14,2426
75.24,2456
76.34,2462
77.84,2526
78.94,2577
80.04,2636
81.14,2702
82.24,2755
83.34,2818
84.44,2926
85.54,3015
86.64,3109
87.74,3200
88.84,3275
89.94,3346
91.04,3435
92.14,3514
93.24,3630
94.34,3713
95.53,3794
96.63,3933
97.73,4031
98.83,4086
99.93,4199
101.03,4225
102.13,4351
103.32,4398
104.42,4507
105.52,4586
106.62,4670
107.72,4740
108.82,4845
109.92,4897
111.02,5046
112.12,5007
113.22,5190
114.31,5219
115.41,5376
116.51,5403
117.61,5543
118.71,5600
119.81,5680
120.91,5754
122.01,5821
123.11,5910
124.21,5970
125.31,6073
126.41,6180
127.51,6326
128.61,6330
129.71,6426
130.81,6508
131.91,6586
133.01,6670
134.11,6732
135.21,6801
136.31,6885
137.41,6979
138.51,7062
139.61,7126
140.71,7203
141.81,7280
142.91,7323
144.01,7327
145.11,7359
146.21,7348
147.31,7368
148.41,7361
149.51,7371
150.61,7369
