0,0
1.16,2
2.26,2
3.36,1
4.46,2
5.56,0
6.66,0
7.76,0
8.86,0
9.96,1
11.06,33
12.16,2
13.26,2
14.36,1
15.46,0
16.56,0
17.66,0
18.76,0
19.86,0
20.96,0
22.46,0
23.56,0
24.66,0
25.76,1
26.86,0
27.96,0
29.06,0
30.16,0
31.26,0
32.36,0
33.46,0
34.56,1
35.66,4
36.76,5
37.86,7
38.96,10
40.06,12
41.16,14
42.26,17
43.36,8
44.46,22
46.05,22
47.15,26
48.25,25
49.35,26
50.45,29
51.55,29
52.65,31
53.75,33
54.85,36
55.95,38
57.05,42
58.15,45
59.25,49
60.35,50
61.45,55
62.55,58
63.65,53
64.75,52
65.85,83
66.95,133
68.05,171
69.15,197
70.25,212
71.35,222
72.45,230
73.55,233
74.65,237
75.75,239
76.85,241
77.95,246
79.05,255
80.15,247
81.25,249
82.35,254
83.45,265
84.55,279
85.65,279
86.75,288
87.85,298
88.95,311
90.05,325
91.15,340
92.25,365
93.35,384
94.45,402
95.55,421
96.65,446
97.75,462
98.85,477
99.95,500
101.05,520
102.15,533
103.25,548
104.35,568
105.45,589
106.55,607
107.65,626
108.75,647
109.85,661
110.95,676
112.05,696
113.15,705
114.25,707
115.35,711
116.45,720
117.55,723
118.65,728
119.75,737
120.85,745
121.95,754
123.05,759
124.15,763
125.25,769
126.35,774
127.45,795
128.55,803
129.65,830
130.75,855
131.85,869
132.95,883
134.14,890
135.24,896
136.34,901
137.44,907
138.54,911
139.64,902
140.74,896
141.84,894
142.94,912
144.04,932
145.14,959
146.24,985
147.34,1001
148.44,1012
149.54,1013
150.64,1012
151.74,1013
152.84,1012
153.94,1012
155.04,1013
156.14,1018
157.24,1022
158.34,1024
159.44,1028
160.54,1033
161.64,1042
162.74,1029
163.84,1043
164.94,1055
166.04,1109
167.14,1175
168.24,1220
169.34,1247
170.44,1269
171.54,1284
172.64,1295
173.74,1303
174.84,1310
175.94,1314
177.04,1320
178.14,1326
179.24,1331
180.34,1326
181.44,1348
182.54,1355
183.64,1355
184.74,1370
185.84,1380
186.94,1381
188.04,1404
189.14,1428
190.24,1459
191.34,1483
192.44,1514
193.94,2508
195.04,1581
196.14,1597
197.24,1639
198.34,1666
199.44,1674
200.54,1672
201.63,1684
202.73,1708
203.83,1723
204.93,1724
206.03,1744
207.13,1750
208.23,1748
209.33,1745
210.43,1756
211.53,1759
212.63,1762
213.73,1764
214.83,1767
215.93,1771
217.03,1775
218.13,1777
219.23,1778
220.33,1778
