0,0
1.11,0
2.21,0
3.31,0
4.41,0
5.51,0
6.61,0
7.71,0
8.81,0
9.91,0
11.01,0
12.11,0
13.21,0
14.31,0
15.41,0
16.51,0
17.61,0
18.71,0
20.3,5451
21.4,34
22.5,65
23.6,76
24.7,85
25.8,97
26.9,98
28.0,109
29.1,119
30.2,122
31.3,128
32.4,140
33.5,162
34.6,249
35.7,499
36.8,527
37.98,660
39.08,749
40.18,841
41.77,54074
42.87,999
43.97,996
45.07,1061
46.17,1229
47.27,1288
48.37,1334
49.47,1466
50.57,1512
51.67,1580
52.77,1660
53.87,1706
54.97,1746
56.07,1811
57.17,1882
58.27,1923
59.37,1977
60.47,2025
61.57,2084
62.67,2146
63.77,2230
64.87,2327
65.97,2406
67.07,2459
68.17,2489
69.27,55112
70.4,2600
71.5,2677
72.6,2704
73.7,2778
74.8,2821
75.9,2881
77.0,2921
78.1,2977
79.2,3028
80.3,3073
81.4,3125
82.5,3207
83.6,3258
84.7,3311
85.8,3354
86.9,3401
88.0,3443
89.1,3487
90.2,3559
91.3,3607
92.4,3661
93.5,3703
94.6,3763
95.7,3825
96.8,3872
97.9,3919
99.0,3954
100.1,4014
101.2,4078
102.3,4132
103.4,4192
104.5,4246
105.6,4305
106.7,4366
107.8,4438
108.9,4470
110.0,4506
111.1,4556
112.6,15392
113.7,4698
114.8,4746
115.9,4789
117.4,4880
118.5,4923
119.6,4970
120.7,5053
121.8,5115
122.9,5199
124.0,5261
125.1,5309
126.2,5373
127.3,5444
128.4,5556
129.5,5657
130.6,2409
131.73,5819
132.83,5898
133.93,5958
135.03,6012
137.02,60958
138.12,6381
139.22,6502
140.32,6582
141.42,6723
142.52,6796
143.62,6864
144.72,6962
145.82,7061
146.92,7157
148.02,7205
149.12,7282
150.22,7364
151.32,7390
152.42,7505
153.52,7595
154.65,7632
155.75,7764
156.85,7951
157.95,8090
159.05,8194
160.15,8339
161.25,8471
162.35,8530
163.45,8610
164.55,8663
165.65,8723
166.75,8807
167.85,8889
168.95,8939
170.05,8966
171.15,9074
172.25,9203
173.35,9335
174.45,9451
175.55,9492
176.65,9513
177.75,9565
178.85,9569
179.95,9579
181.05,9580
182.15,9586
183.25,9588
184.35,9590
185.45,9589
186.55,9591
187.65,9591
188.75,9592
189.85,9593
190.95,9591
192.05,9593
193.15,9593
194.25,9592
195.35,9593
196.45,9592
197.55,9593
198.65,9592
199.75,9592
200.85,9591
201.95,9563
203.05,9589
204.15,9541
205.25,9580
206.35,9589
207.45,9626
208.55,9680
209.65,9711
210.75,9724
212.34,9739
213.44,9893
214.54,9865
215.64,9950
216.74,9910
217.84,9937
219.02,9997
220.12,9996
221.22,10049
222.32,10152
223.42,10258
224.52,10361
225.62,10411
226.72,10502
227.82,10614
228.92,10652
230.02,10687
231.12,10685
232.22,10723
233.32,10732
234.42,10746
235.52,10764
236.62,10759
237.72,10778
238.82,10776
239.92,10791
241.02,10807
242.12,10840
243.22,10896
244.32,10918
245.42,10934
246.52,10942
247.62,10939
249.16,5907
250.26,10955
251.36,10958
252.46,10956
253.56,10943
254.66,10973
255.76,10997
256.86,11003
257.96,11033
259.06,11048
260.16,11062
261.26,11136
262.36,11185
263.46,11286
264.56,11281
265.66,11388
266.76,11421
267.86,11471
268.96,11544
270.06,11582
271.16,11669
272.26,11743
273.36,11790
274.46,11857
275.56,11917
277.06,11990
278.56,12073
279.66,12143
280.76,12199
281.86,12230
282.96,12348
284.06,12405
285.16,12438
286.26,12517
287.39,12630
288.49,12727
289.59,12829
290.69,12840
291.79,12871
293.38,34601
294.48,12889
295.98,12899
297.08,12911
298.18,12921
299.28,12924
300.38,12920
301.48,12921
302.58,12923
304.08,12932
305.18,12926
306.68,12927
307.78,12929
308.88,12930
310.38,20929
311.48,12934
312.58,12936
