0,0
1.14,0
2.24,0
3.34,0
4.44,0
5.57,0
6.67,0
7.77,0
8.87,0
9.97,0
11.07,0
12.66,7983
13.76,0
14.86,0
15.96,0
17.06,0
18.19,0
19.29,0
20.39,0
21.49,0
22.62,15
23.72,28
24.82,33
25.92,53
27.02,62
28.12,95
29.62,1243
30.72,214
32.22,448
33.32,303
34.42,351
35.52,357
36.62,462
37.72,576
38.82,622
39.92,666
41.02,673
42.12,717
43.22,828
44.32,903
45.42,951
46.52,942
47.62,1010
48.72,1142
49.82,49945
50.95,1308
52.54,1436
53.64,1544
54.74,1633
55.84,1685
57.34,1850
58.44,1731
59.54,1730
60.64,1753
62.14,2316
63.24,1806
64.34,1806
65.44,1821
66.94,1777
68.04,1844
69.14,1877
70.24,1897
71.34,1937
72.44,1972
73.54,2008
74.64,2050
75.73,2107
76.83,2170
77.93,2228
79.03,2276
80.13,2319
81.23,2355
82.33,2402
83.43,2435
84.53,2496
85.63,2540
86.73,2586
87.83,2627
88.93,2689
90.03,2753
91.13,2814
92.23,2857
93.33,2904
94.43,2941
95.53,2991
96.63,3035
97.73,3083
98.83,3132
100.33,3201
101.43,3266
102.53,3324
103.63,3366
104.73,3429
105.83,3438
106.93,3509
108.03,3556
109.13,3610
110.23,3674
111.33,3742
112.43,3803
113.53,3875
114.63,3954
115.73,4034
116.83,4123
117.93,4191
119.03,4271
120.13,4330
121.23,4352
122.33,4369
123.43,4416
124.53,4491
125.63,4520
126.73,4541
127.83,4565
128.93,4569
130.03,4650
131.13,4678
132.23,6006
133.36,4740
134.46,4817
135.56,4859
136.66,4916
137.76,4969
138.86,5026
139.96,5072
141.06,5173
142.16,5231
143.26,5292
144.36,5397
145.46,5472
146.56,5545
147.66,5621
148.76,5697
149.86,5784
150.96,5873
152.06,5912
153.16,6011
154.26,6071
155.39,6170
156.49,6240
157.59,6306
158.69,6376
159.79,6455
160.89,0
161.99,6589
163.09,6661
164.19,6728
165.29,6825
166.39,6880
167.49,6943
168.59,7075
169.69,7236
170.79,7410
171.89,7546
172.99,7621
174.09,7694
175.19,7769
176.29,7846
177.39,7924
178.49,7985
179.59,8059
180.69,8101
181.79,8184
182.89,8217
183.99,8452
185.09,8779
186.22,8804
187.32,9004
188.42,9120
189.52,9229
190.62,9363
191.72,9429
192.82,9544
194.41,9598
195.51,9739
196.61,9774
197.71,9834
198.81,9902
199.91,9975
201.01,10073
202.51,10115
203.61,10205
204.71,10251
205.81,10341
206.91,10390
208.01,10484
209.6,10556
210.7,10640
211.8,10715
212.9,10780
214.0,10866
215.1,10908
216.2,10970
217.7,11056
218.8,11109
219.9,11203
221.0,11256
222.1,11337
223.2,11393
224.3,11503
225.4,11521
226.5,11596
227.6,11644
228.7,11734
229.8,11782
230.9,11858
232.0,11940
233.1,12012
234.6,12626
235.7,12185
236.8,12248
237.9,12294
239.49,12419
240.59,12504
241.69,12575
242.79,12625
243.89,12675
244.99,12742
246.09,12811
247.59,16592
248.69,12935
249.79,13026
250.89,13116
251.99,13197
253.09,13228
254.19,13248
255.29,13252
256.39,13256
257.49,13258
258.99,61523
260.12,13258
261.22,13260
