0,0
1.1,0
2.2,0
3.3,0
4.4,0
5.5,0
6.6,0
7.7,0
8.8,0
9.9,0
11.0,0
12.5,0
13.6,0
14.7,0
15.8,0
16.9,0
18.0,0
19.1,0
20.2,0
21.3,0
22.4,0
23.5,0
24.6,10
25.7,33
26.8,42
27.9,75
29.0,109
30.1,132
31.2,168
32.3,187
33.4,210
34.5,237
35.6,269
36.7,306
37.8,333
38.9,375
40.0,408
41.1,440
42.2,482
43.3,489
44.4,516
45.5,570
46.6,599
47.7,645
48.8,655
49.9,693
51.0,784
52.1,856
53.2,896
54.3,945
55.4,997
56.5,1045
57.6,1097
58.7,1139
59.8,1183
60.9,1242
62.0,1298
63.1,1368
64.2,1420
65.3,1503
66.4,1550
67.5,1595
68.68,1639
69.78,1676
70.96,1734
72.06,1786
73.16,1833
74.26,1889
75.36,1931
76.46,1980
77.56,2014
78.66,2064
79.76,2125
80.86,2172
81.96,2246
83.06,2300
84.16,2358
85.26,2440
86.36,2479
87.46,2562
89.05,2636
90.15,2713
91.25,2814
92.35,2850
93.85,2927
94.95,3013
96.05,3068
97.15,3125
98.25,3175
99.35,3244
100.44,3316
101.54,3381
102.64,3478
103.74,3559
104.84,3675
105.94,3730
107.04,3788
108.14,3843
109.24,3911
110.34,3965
111.44,4022
112.54,4066
113.64,4118
114.74,4171
115.84,4223
116.94,4360
118.04,4416
119.14,4479
120.24,4524
121.34,4577
122.44,4620
123.54,4680
124.64,4730
125.74,4793
126.84,4843
127.94,4903
129.04,4934
130.14,4986
131.24,5031
132.34,5070
133.44,5147
135.03,5348
136.13,5511
137.23,5602
138.33,5727
139.43,5809
140.53,5866
142.12,6078
143.22,6029
144.32,6087
145.42,6154
146.52,6211
147.62,6258
148.72,6310
149.82,6359
150.92,6526
152.02,6687
153.12,6891
154.22,7026
155.32,7132
156.42,7293
157.52,7382
158.62,7462
159.72,7552
160.82,7614
161.92,7694
163.02,7791
164.12,7844
165.22,7934
166.32,8056
167.42,8144
168.52,8228
169.62,8305
171.21,9213
172.31,8488
173.41,8511
174.51,8593
176.01,8665
177.11,8754
178.21,8844
179.31,8929
180.41,8946
181.51,9005
182.61,9068
183.71,9135
184.81,9185
185.91,9240
187.01,9325
188.11,9424
189.21,9506
190.31,9567
191.41,9615
192.51,9676
193.61,9759
194.71,9825
195.81,9886
196.91,9984
198.01,10067
199.11,10140
200.21,10203
201.31,10283
202.41,10333
203.51,10411
204.61,10506
205.7,10600
206.8,10670
207.9,10748
209.0,10821
210.1,10878
211.2,10920
212.3,11013
213.4,11101
214.5,11178
215.6,11221
216.7,11284
218.2,11386
219.3,11504
220.4,11577
221.53,11662
222.63,11752
223.73,11861
224.83,11909
225.93,12002
227.03,12062
228.13,12126
229.23,12212
230.33,12279
231.43,12377
232.53,12480
233.63,12459
234.73,12624
235.83,12714
236.93,12800
238.03,12835
239.13,12861
240.23,12863
241.33,12869
242.43,12873
243.53,12872
