0,0
1.13,3
2.23,3
3.33,4
4.43,5
5.53,5
6.63,5
7.73,4
8.83,6
9.93,4
11.03,6
12.13,5
13.23,399
14.36,3
15.46,4
16.56,0
17.66,0
18.76,0
19.86,19
20.96,57
22.06,83
23.16,101
24.26,118
25.36,140
26.46,206
27.56,269
28.66,369
29.76,555
30.86,663
31.96,743
33.06,765
34.56,918
35.66,976
36.76,992
37.86,1068
38.96,1144
40.06,1183
41.16,1308
42.26,1376
43.36,1420
44.46,1465
45.56,1492
46.66,1509
47.76,1518
48.86,1557
49.96,1609
51.06,1655
52.16,1702
53.26,1752
54.36,1779
55.46,1802
56.56,1829
57.66,1850
58.76,1884
59.86,1955
60.96,2027
62.06,2106
63.16,2189
64.26,2273
65.36,2369
66.46,2458
67.56,2543
68.66,2629
69.76,2717
70.86,2803
71.96,2882
73.06,2968
74.16,3063
75.26,3141
76.36,3210
77.46,3306
78.56,3418
79.66,3517
80.76,3600
81.86,3688
82.96,3794
84.06,3888
85.16,3989
86.26,4098
87.36,4211
88.46,4319
89.56,4408
90.66,4503
91.76,4609
92.86,4724
93.96,4828
95.06,4930
96.16,5029
97.26,5134
98.44,5253
99.54,5342
100.64,5421
101.74,5508
102.84,5593
103.94,5686
105.04,5793
106.14,5882
107.24,5962
108.34,6051
109.47,6140
110.6,6216
111.7,6309
112.8,6404
113.9,6506
115.0,6609
116.1,6725
117.2,6826
118.3,6929
119.4,7018
120.5,7098
121.6,7204
122.7,7301
123.8,7386
125.39,31551
126.49,7622
127.59,7671
128.69,7720
129.79,7767
130.89,7789
131.99,7801
133.09,7816
134.19,7831
135.29,7846
136.39,7853
137.49,7859
138.59,7868
139.69,7874
140.79,7880
141.89,7882
142.99,7887
144.09,7891
145.19,7893
146.29,7897
147.39,7900
148.49,8331
149.59,7905
150.69,7909
151.79,7910
152.89,7872
153.99,7913
155.09,7928
156.19,7946
157.29,7973
158.39,8011
159.49,8066
160.59,8117
161.69,8184
162.79,8262
163.89,8342
164.99,8430
166.09,8516
167.19,8609
168.29,8704
169.39,8794
170.49,8892
171.59,8982
172.69,9067
173.79,9164
174.89,9267
175.99,9359
177.09,9500
178.19,9629
179.29,9724
180.39,9829
181.49,9918
182.59,10018
183.69,10097
184.79,10206
185.89,10297
186.99,10357
188.09,10450
189.19,10531
190.29,10630
191.39,10713
192.49,10819
193.59,10957
194.69,11074
195.79,11176
196.89,11256
197.99,11342
199.09,11432
200.19,11510
201.29,11597
202.39,11679
203.49,11760
204.68,11853
205.78,11937
206.88,12017
207.98,12094
209.08,12165
210.18,12331
211.28,12553
212.38,12734
213.48,12807
214.58,12944
215.68,13050
216.78,13150
217.88,13262
218.98,13364
220.08,13504
221.18,13616
222.28,13704
223.38,13795
224.48,13867
225.58,13943
226.68,14060
227.78,14145
228.88,14234
229.98,14301
231.08,14414
232.18,14517
233.28,14610
234.38,14678
235.48,14735
236.58,14817
237.68,14897
238.78,14983
239.88,63992
241.01,15201
242.11,15236
243.21,15414
244.31,15491
245.41,15613
246.51,15702
247.61,15819
248.71,15949
249.81,16112
250.91,16186
252.01,16250
253.11,16341
254.21,16456
255.31,16572
256.41,16645
257.51,16763
258.61,16841
259.71,16915
260.81,17016
261.91,17102
263.01,17207
264.2,17338
265.3,17429
266.4,17512
267.5,17694
268.6,17780
269.7,17825
270.8,17904
271.9,17920
273.0,18025
274.1,18016
275.2,18152
276.3,18244
277.4,18289
278.5,18369
279.6,18407
280.7,18459
281.8,18522
282.9,18584
284.0,18622
285.1,18712
286.2,18742
287.3,18790
288.83,11709
289.93,18886
291.03,18950
292.13,18958
293.23,19065
294.33,19125
295.43,19182
296.53,19239
297.63,19310
298.73,19369
299.83,19463
300.93,19511
302.03,19577
303.13,19634
304.23,19698
305.33,19728
306.43,19740
307.53,19749
308.63,19754
310.13,67110
311.23,19761
312.33,19761
313.43,19761
314.53,19761
315.63,19762
316.73,19762
317.83,19762
318.93,19763
320.03,19763
321.13,19763
322.23,19762
323.33,19762
324.43,19760
325.53,19759
326.63,19758
327.73,19766
328.83,19753
329.93,19762
331.03,19760
332.13,19759
333.23,19764
334.33,19760
335.43,19763
336.53,19759
337.63,19756
338.73,19760
339.83,19756
340.93,19759
342.03,19756
343.13,19756
344.23,19755
345.33,19754
346.43,19754
347.53,19753
348.63,19752
349.73,19752
350.83,19751
351.93,19751
353.03,19750
354.13,19750
355.23,19749
356.33,19749
357.51,19749
358.61,19746
359.71,19746
360.81,19745
361.91,19745
363.01,19745
364.11,19743
365.21,19744
366.31,19743
367.41,19743
368.51,19742
369.61,19742
370.71,19742
371.81,19741
372.91,19740
374.01,19740
375.11,19740
376.24,19739
377.34,19740
378.44,19739
379.54,19740
380.64,19735
381.74,19736
382.84,19735
383.94,19737
385.04,19738
386.14,19735
387.24,19735
388.34,19730
389.84,19714
390.94,19723
392.04,19719
393.14,19733
394.24,19720
395.34,19734
396.44,19730
397.54,19730
398.64,19730
399.74,19724
400.84,19732
401.94,19726
403.04,19728
404.14,19728
405.24,19729
406.34,19731
407.47,19725
408.57,19728
409.67,19727
410.77,19724
411.87,19725
412.97,19726
414.07,19722
415.17,19725
416.27,19721
417.37,19722
418.47,19724
419.57,19724
420.67,19725
421.77,19721
422.87,19722
423.97,19721
425.07,19722
426.17,19724
427.27,19722
428.37,19721
429.47,19720
430.57,19720
431.67,19719
432.77,19721
433.87,19720
434.97,19721
436.07,19719
437.17,19719
438.27,19717
439.37,19718
440.47,19718
441.57,19717
443.07,19965
444.17,19718
445.76,19715
446.86,19716
447.96,19712
449.06,19716
450.16,19713
451.26,19713
452.36,19711
453.46,19713
455.05,19714
456.15,19689
457.25,19713
458.35,19705
459.45,19713
460.55,19709
462.14,19712
463.24,19708
464.34,19712
465.44,19707
466.54,19708
467.64,19709
468.74,19707
469.84,19707
470.94,19706
472.04,19705
473.14,19706
474.24,19704
475.34,19704
476.44,19704
477.54,19702
478.64,19702
479.74,19702
480.84,19702
481.94,19702
483.04,19700
484.14,19701
485.24,19701
486.34,19700
487.53,19699
488.63,19700
489.73,19701
490.83,19704
491.93,19696
493.03,19693
494.13,19687
495.23,19697
496.33,19688
497.43,19698
498.53,19684
499.63,19698
500.73,19687
501.83,19692
502.93,19690
504.03,19692
505.13,19692
506.23,19692
507.33,19690
508.43,19689
509.53,19686
510.63,19703
511.73,19654
512.83,19713
513.93,19665
515.03,19696
516.13,19686
517.23,19673
518.33,19692
519.43,19676
520.53,19690
521.63,19681
522.73,19686
523.83,19685
525.02,19680
526.12,19686
527.22,19682
528.32,19684
529.42,19683
530.52,19684
531.62,19684
533.21,19729
534.31,19682
535.41,19682
536.51,19679
537.61,19680
538.71,19679
539.81,19676
540.91,19681
542.01,19677
543.11,19678
544.21,19680
545.31,19679
546.41,19680
547.51,19681
548.61,19680
549.71,19680
550.81,19680
551.91,19681
553.01,19680
554.11,19680
555.21,19680
556.31,19679
557.41,19679
558.51,19678
559.61,19679
560.71,19676
561.81,19677
562.91,19675
564.01,19676
565.11,19676
566.21,19674
567.31,19671
568.41,19674
569.51,19672
570.61,19674
571.71,19669
572.81,19670
573.91,19671
575.01,19669
576.11,19672
577.21,19672
578.31,19674
579.41,19670
580.51,19671
581.61,19672
582.71,19671
583.81,19672
584.91,19670
586.01,19670
587.11,19672
588.21,19671
589.31,19671
590.41,19670
591.51,19668
592.61,19668
593.71,19672
594.81,19669
595.91,19669
597.01,19670
598.11,19668
599.21,19669
600.31,19666
601.41,19668
602.51,19665
603.6,19667
604.7,19664
605.8,19663
606.9,19664
608.0,19663
609.1,19666
610.2,19660
611.3,19664
612.4,19660
613.5,19664
614.6,19662
615.7,19661
616.8,19660
617.9,19660
619.0,19658
620.1,19661
621.2,19657
622.33,19656
623.43,19660
624.53,19655
625.63,19668
626.73,19655
627.83,19663
628.93,19656
630.03,19657
631.13,19656
632.23,19645
633.33,19668
634.43,19654
635.53,19639
636.63,19655
637.73,19668
638.83,19659
639.93,19666
641.03,19664
642.13,19663
643.23,19662
644.33,19664
645.43,19660
646.53,19664
647.63,19659
648.73,19662
649.83,19663
650.93,19660
652.03,19661
653.13,19660
654.23,19662
655.33,19660
656.43,19659
657.53,19657
658.63,19659
659.73,19659
660.83,19660
661.93,19656
663.03,19657
664.13,19658
665.23,19657
666.33,19660
667.43,19658
668.53,19658
669.63,19650
670.73,19653
671.83,19657
672.93,19653
674.03,19655
675.13,19651
676.23,19655
677.33,19648
678.43,19654
679.53,19650
680.63,19651
681.73,19652
682.83,19647
683.93,19651
685.03,19646
686.13,19650
687.23,19648
688.33,19648
689.43,19648
690.53,19646
692.03,19647
693.13,19646
694.23,19647
695.82,67035
696.92,19645
698.02,19649
699.12,19648
700.62,20776
701.72,19647
702.82,19648
703.92,19648
705.02,19648
706.12,19649
707.22,19647
708.32,19648
709.42,19648
710.52,19646
711.62,19644
712.72,19643
713.82,19645
714.92,19641
716.02,19642
717.12,19644
718.22,19643
719.32,19639
720.42,19645
721.52,19641
722.62,19643
723.72,19644
724.82,19635
725.92,19645
727.02,19635
728.12,19650
729.22,19635
730.32,19645
731.42,19639
732.52,19641
733.62,19641
734.72,19639
735.82,19642
736.92,19639
738.02,19639
739.12,19641
740.22,19638
741.32,19639
742.42,19639
743.52,19638
744.62,19635
745.72,19638
746.82,19634
747.92,19634
749.02,19636
750.12,19632
751.22,19636
752.32,19633
753.42,19633
754.52,19634
755.62,19631
756.72,19635
757.82,19634
758.92,19637
760.02,19636
761.12,19637
762.22,19639
763.32,19634
764.42,19636
765.52,19634
766.62,19635
767.72,19636
768.82,19636
769.92,19635
771.02,19635
772.12,19635
773.22,19637
774.32,19637
775.42,19637
776.52,19638
777.62,19638
778.72,19639
779.82,19638
780.92,19639
782.02,19639
783.12,19639
784.22,19639
785.32,19638
786.42,19638
787.52,19638
788.62,19639
789.72,19636
790.82,19634
791.92,19635
793.02,19635
794.12,19635
795.22,19634
796.32,19636
797.42,19634
798.52,19633
799.62,19631
800.72,19633
801.82,19635
802.92,19631
804.02,19631
805.12,19630
806.22,19629
807.32,19632
808.42,19631
809.52,19631
810.62,19631
811.72,19632
812.82,19629
813.92,19631
815.02,19631
816.12,19633
817.22,19631
818.32,19632
819.42,19633
820.52,19632
821.62,19627
822.72,19584
823.82,19625
824.92,19625
826.02,19634
827.12,19629
828.22,19628
829.4,19633
830.5,19628
831.6,19631
832.7,19629
833.8,19629
834.9,19633
836.0,19630
837.1,19632
838.2,19632
839.3,19631
840.4,19632
841.5,19631
843.09,19630
844.19,19628
845.29,19629
846.39,19630
847.49,19631
848.59,19631
849.69,19629
850.79,19630
851.89,19631
852.99,19630
854.09,19631
855.19,19632
856.29,19633
857.39,19632
858.49,19633
860.08,67022
861.18,19627
862.28,19593
863.87,39608
864.97,19595
866.07,19616
867.17,19626
868.27,19626
869.37,19628
870.47,19627
871.57,19582
872.67,19626
873.77,19625
874.87,22455
876.0,19618
877.1,19617
878.2,19608
879.3,19621
880.89,19625
881.99,19623
883.09,19622
884.19,19623
885.29,19622
886.39,19623
887.49,19622
888.99,19622
890.09,19621
891.19,19621
892.29,19621
893.39,19621
894.49,19619
895.59,19620
896.69,19620
897.79,19620
898.89,19618
899.99,19620
901.09,19620
902.19,19619
903.29,19618
904.39,19616
905.49,19612
906.59,19615
907.69,19612
908.79,19613
909.88,19612
910.98,19610
912.08,19610
913.18,19609
914.28,19610
915.38,19611
916.48,19607
917.58,19610
918.68,19612
919.78,19585
920.88,19576
921.98,19611
923.08,19611
924.18,19612
925.28,19613
926.38,19612
927.48,19613
928.98,19896
930.08,19613
931.18,19612
932.28,19612
933.38,19612
934.48,19580
935.58,19611
936.68,19612
937.78,19611
938.88,19612
939.98,19613
941.08,19613
942.18,19612
943.28,19613
944.38,19612
945.48,19612
946.58,19613
947.68,19611
948.78,19612
949.88,19612
950.98,19611
952.08,19612
953.18,19610
954.28,19611
955.38,19610
956.48,19611
957.58,19611
958.68,19611
959.78,19611
960.88,19611
961.98,19612
963.08,19611
964.18,19611
965.28,19611
966.38,19612
967.48,19611
968.58,19611
969.68,19611
970.78,19612
971.88,19611
972.98,19611
974.08,19610
975.18,19611
976.28,19611
977.38,19610
978.48,19610
979.58,19610
980.68,19610
981.78,19610
982.88,19610
983.98,19610
985.08,19610
986.18,19610
987.28,19610
988.38,19609
989.48,19609
990.58,19609
991.68,19608
992.78,19607
993.88,19606
994.98,19607
996.08,19606
997.18,19607
998.28,19607
999.38,19606
1000.48,19606
1001.58,19606
1002.68,19605
1003.78,19606
1004.88,19606
1005.98,19605
1007.08,19605
1008.18,19605
1009.28,19605
1010.38,19605
1011.48,19604
1012.58,19605
1014.08,19604
1015.18,19606
1016.28,19604
1017.38,19605
1018.48,19604
1019.58,19604
1020.68,19603
1021.78,19604
1022.88,19605
1023.98,19603
1025.08,19603
1026.18,19604
1027.28,19603
1028.38,19604
1029.48,19604
1030.58,19603
1031.68,19604
1032.78,19603
1033.88,19604
1034.98,19603
1036.57,19890
1037.67,19603
1038.77,19602
1039.87,19604
1040.97,19603
1042.07,19603
1043.17,19603
1044.67,19602
1045.77,19602
1046.87,19603
1047.97,19602
1049.07,19602
1050.17,19602
1051.27,19601
1052.37,19601
1053.47,19601
1054.57,19601
1055.67,19601
1056.77,19600
1057.87,19601
1058.97,19601
1060.07,19600
1061.17,19601
1062.27,19601
1063.37,19600
1064.47,19600
1065.57,19600
1066.67,19600
1067.77,19599
1068.87,19599
1069.97,19600
1071.47,19605
1072.57,19599
1073.67,19598
1074.77,19599
1075.87,19598
1076.97,19581
1078.07,19563
1079.17,19570
1080.27,19595
1081.37,19595
1082.47,19595
1083.57,19594
1084.67,19594
1085.77,19594
1086.87,19596
1088.46,19883
1089.56,19594
1090.66,19595
1091.76,19597
1092.86,19639
1093.96,19706
1095.06,19762
1096.16,19773
1097.26,19810
1098.36,19905
1099.46,20003
1100.56,20104
1101.66,20169
1102.76,20239
1103.86,20301
1104.96,20364
1106.06,20432
1107.16,20494
1108.26,20561
1109.36,20633
1110.46,20685
1111.56,20750
1112.66,20815
1113.76,20876
1114.86,20940
1115.96,21007
1117.06,21027
1118.16,21031
1119.26,21039
1120.36,21026
1121.46,21041
1122.56,21031
1123.66,21037
1124.76,21033
1125.86,21032
1126.96,21028
1128.06,21032
1129.16,21027
1130.26,21031
1131.36,21029
1132.46,21030
1133.56,21032
1134.66,21033
1135.76,21034
1136.86,21032
1137.96,21029
1139.06,21024
1140.16,21029
1141.26,21033
1142.36,21028
1143.46,40543
1144.59,21021
1145.69,21022
1146.79,21019
1147.89,21020
1148.99,21023
1150.09,21023
1151.19,21026
1152.29,21027
1153.39,21024
1154.49,21028
1155.59,21025
1156.69,21024
1157.79,21027
1158.89,21027
1159.99,21027
1161.09,21024
1162.19,21014
1163.78,21018
1164.88,21009
1165.98,21017
1167.08,21017
1168.21,21017
1169.31,21017
1170.41,21016
1171.51,21015
1172.61,21017
1174.2,21007
1175.3,21011
1176.4,21007
1177.5,21020
1178.6,21010
1179.7,21018
1180.8,21016
1182.3,21012
1183.4,21003
1184.5,21028
1185.6,21019
1186.7,21019
1187.8,21027
1188.9,21020
1190.0,21028
1191.1,21023
1192.2,21026
1193.3,21023
1194.4,21004
1195.5,21005
1196.6,21008
1197.7,21018
1198.8,21018
1199.9,21025
1201.0,21019
1202.1,21024
1203.2,21022
1204.3,21022
1205.4,21024
1206.5,21023
1207.6,21027
1208.7,21027
1209.8,21028
1210.9,21028
1212.0,21022
1213.5,21264
1214.6,21026
1215.7,21017
1216.8,21027
1217.9,21029
1219.0,21025
1220.1,21026
1221.2,21026
1222.3,21021
1223.4,21023
1224.5,21022
1225.6,21021
1226.7,21020
1227.8,21021
1228.9,21020
1230.0,21002
1231.1,21020
1232.2,21021
1233.3,21021
1234.4,21016
1235.5,21016
1236.6,21021
1237.7,21018
1238.8,21020
1239.9,21016
1241.0,21021
1242.1,21019
1243.2,21020
1244.3,21017
1245.4,21021
1246.5,21016
1247.6,21016
1248.7,21019
1249.8,21019
1250.9,21014
1252.0,21020
1253.1,21026
1254.2,21008
1255.3,21022
1256.4,21017
1257.5,21018
1258.6,21018
1259.7,21016
1260.8,21019
1261.9,21017
1263.0,21021
1264.1,21017
1265.2,21021
1266.3,21019
1267.4,21021
1268.5,21021
1269.6,21016
1270.7,21017
1271.8,21013
1272.9,21014
1274.0,21015
1275.1,21015
1276.2,21018
1277.3,21015
1278.4,21017
1279.5,21014
1280.6,21017
1281.7,21687
1282.83,21018
1283.93,21018
1285.03,21015
1286.13,21015
1287.23,20979
1288.33,21027
1289.43,21023
1290.53,21023
1291.63,21023
1292.73,21022
1293.83,21020
1295.02,21024
1296.12,21021
1297.22,21026
1298.32,21025
1299.42,20979
1300.52,21016
1301.62,21051
1302.72,21033
1303.82,21067
1304.92,21143
1306.51,21134
1307.61,21132
1308.71,21131
1309.81,21134
1310.91,21126
1312.01,21134
1313.11,21108
1314.21,21123
1315.31,21149
1316.41,21146
1317.51,21150
1318.61,21149
1319.71,21150
1320.81,21150
1321.91,21150
1323.01,21150
1324.11,21152
1325.21,21148
1326.31,21149
1327.41,21149
1328.51,21150
1329.61,21150
1330.71,21151
1331.81,21151
1332.91,21151
1334.01,21153
1335.11,21149
1336.21,21151
1337.31,21148
1338.41,21150
1339.51,21172
1340.61,21146
1341.71,21149
1342.81,21166
1343.91,21151
1345.01,21149
1346.11,21157
1347.21,21145
1348.31,21157
1349.41,21149
1350.51,21153
1351.61,20657
1352.71,0
1353.81,0
1354.91,0
1356.01,0
1357.11,0
1358.21,0
1359.31,0
1360.9,0
1362.0,0
1363.1,0
1364.2,0
1365.3,0
1366.4,0
1367.5,0
1368.6,0
1369.7,0
1370.8,0
1371.9,0
1373.0,0
1374.13,0
1375.23,0
1376.33,0
1377.43,0
1378.53,0
1379.63,0
1380.73,0
1381.83,0
1382.93,0
1384.03,0
1385.13,0
1386.23,0
1387.33,0
1388.43,0
1389.53,0
1390.63,0
1391.73,0
1392.83,0
1393.93,0
1395.03,0
1396.13,0
1397.23,0
1398.33,0
1399.83,0
1400.93,0
1402.03,0
1403.13,0
1404.23,0
1405.33,0
1406.43,0
1407.53,0
1408.63,0
1410.22,0
1411.32,0
1412.42,0
1413.52,0
1414.62,0
1415.72,0
1416.82,0
1417.92,0
1419.02,0
1420.61,0
1421.71,0
1422.81,0
1423.91,0
1425.01,0
1426.11,0
1427.21,0
1428.71,0
1429.81,0
1430.91,0
1432.01,0
1433.11,0
1434.21,0
1435.31,0
1436.41,0
1437.51,0
1438.61,0
1439.71,0
1440.81,0
1441.91,0
1443.01,0
1444.11,0
1445.21,0
1446.31,0
1447.41,0
1448.51,0
1449.61,0
1450.71,0
1451.81,0
1452.91,0
1454.01,0
1455.11,0
1456.21,0
1457.31,0
1458.41,0
1459.51,0
1460.61,0
1461.71,0
1462.81,0
1463.91,0
1465.01,0
1466.11,0
1467.21,0
1468.31,0
1469.41,0
1470.51,0
1471.61,0
1472.71,0
1473.81,0
1474.91,0
1476.01,0
1477.11,0
1478.21,0
1479.31,0
1480.41,0
1481.51,0
1482.61,0
1483.71,0
1484.81,0
1485.91,0
1487.01,0
1488.11,0
1489.21,0
1490.31,0
1491.41,0
1492.51,0
1493.61,0
1494.71,0
1495.81,0
1496.91,0
1498.01,0
1499.11,0
1500.21,0
1501.31,0
1502.41,0
1503.51,0
1504.61,0
1505.71,0
1506.81,0
1507.91,0
1509.01,0
1510.11,0
1511.21,0
1512.31,0
1513.41,0
1514.51,0
1515.61,0
1516.71,0
1517.81,0
1518.91,0
1520.01,0
1521.11,0
1522.21,0
1523.31,0
1524.41,0
1525.51,0
1526.61,0
1527.71,0
1528.81,0
1529.91,0
1531.01,0
1532.11,0
1533.7,0
1534.8,0
1535.9,0
1537.0,0
1538.1,0
1539.2,0
1540.3,0
1541.4,0
1542.5,0
1543.6,0
1544.7,0
1545.8,0
1546.9,5359
1548.03,0
1549.13,0
1550.23,0
1551.33,0
1552.43,0
1553.53,0
1554.63,0
1555.73,0
1556.83,0
1557.93,0
1559.03,0
1560.13,0
1561.23,0
1562.33,0
1563.43,0
1564.53,0
1565.63,0
1566.73,0
1567.83,0
1568.93,0
1570.03,0
1571.13,0
1572.23,0
1573.33,0
1574.43,0
1575.53,0
1576.63,0
1577.73,0
1578.83,0
1579.93,0
1581.03,0
1582.13,0
1583.23,0
1584.33,0
1585.43,0
1586.53,0
1587.63,0
1588.73,0
1589.83,0
1590.93,0
1592.03,0
1593.13,0
1594.23,0
1595.33,0
1596.43,0
1597.53,0
1598.63,0
1599.73,0
1600.83,0
1601.93,0
1603.03,0
1604.53,0
1605.63,0
1606.73,0
1607.83,0
1608.93,0
1610.03,0
1611.13,0
1612.23,0
1613.33,0
1614.43,0
1615.53,0
1616.63,0
1617.73,0
1618.83,0
1619.93,0
1621.03,0
1622.13,0
1623.23,0
1624.33,0
1625.43,0
1626.53,0
1627.63,0
1628.73,0
1629.83,0
1630.93,0
1632.03,0
1633.13,0
1634.72,25898
1635.82,0
1636.92,0
1638.02,0
1639.12,0
1640.22,0
1641.32,0
1642.42,0
1643.52,0
1644.62,0
1645.72,0
1646.82,0
1647.92,0
1649.02,0
1650.12,0
1651.22,0
1652.32,0
1653.42,0
1654.52,0
1655.62,0
1656.72,0
1657.82,0
1658.92,0
1660.02,0
1661.12,0
1662.22,0
1663.32,0
1664.42,0
1665.52,0
1666.62,0
1667.72,0
1668.82,0
1669.92,0
1671.02,0
1672.12,0
1673.22,0
1674.32,0
1675.42,0
1676.52,0
1677.62,0
1678.72,0
1679.82,0
1680.92,0
1682.02,0
1683.12,0
1684.22,0
1685.32,0
1686.42,0
1687.52,0
1688.62,0
1689.72,0
1690.82,0
1691.92,0
1693.02,0
1694.12,0
1695.22,0
1696.32,0
1697.42,0
1698.52,0
1699.62,0
1700.72,0
1701.82,0
1702.95,0
1704.05,0
1705.15,0
1706.25,0
1707.35,0
1708.45,0
1709.55,0
1710.65,0
1711.75,0
1712.85,0
1713.95,0
1715.05,0
1716.15,0
1717.25,0
1718.35,0
1719.45,0
1720.55,0
1721.65,0
1722.75,0
1723.85,0
1724.95,0
1726.05,0
1727.15,0
1728.25,0
1729.35,0
1730.45,0
1731.55,0
1732.65,0
1733.75,0
1734.85,0
1735.95,0
1737.05,0
1738.15,0
1739.25,0
1740.35,0
1741.45,0
1742.55,0
1743.65,0
1744.75,0
1745.85,0
1746.95,0
1748.05,0
1749.15,0
1750.25,0
1751.35,0
1752.45,0
1753.55,0
1754.65,0
1755.75,0
1756.85,0
1757.95,0
1759.05,0
1760.15,0
1761.25,0
1762.35,0
1763.45,0
1764.55,0
1765.65,0
1766.75,0
1767.85,0
1768.98,0
1770.08,0
1771.18,0
1772.28,0
1773.38,0
1774.48,0
1775.58,0
1776.68,0
1777.78,0
1778.88,0
1779.98,0
1781.08,0
1782.18,0
1783.28,0
1784.38,0
1785.48,0
1786.58,0
1787.68,0
1789.27,0
1790.37,0
1791.47,0
1792.57,0
1793.67,0
1794.77,0
1795.87,0
1796.97,0
1798.07,0
1799.17,0
1800.27,0
1801.37,0
1802.47,0
1803.57,0
1804.67,0
1805.77,0
1806.87,0
1808.0,0
1809.1,0
1810.2,0
1811.3,0
1812.4,0
1813.5,0
1814.6,0
1815.7,0
1816.8,0
1817.9,0
1819.0,0
1820.1,0
1821.2,0
1822.3,0
1823.4,0
1824.53,0
1825.63,0
1826.73,0
1827.83,0
1828.93,0
1830.03,0
1831.13,0
1832.23,0
1833.33,0
1834.43,0
1835.53,0
1836.63,0
1837.73,0
1838.83,0
1839.93,0
1841.03,0
1842.13,0
1843.23,0
1844.33,0
1845.43,0
1846.53,0
1847.63,0
1848.72,0
1849.82,0
1850.92,0
1852.02,0
1853.12,0
1854.22,0
1855.32,0
1856.42,0
1857.52,0
1858.62,0
1859.72,0
1860.82,0
1861.92,0
1863.02,0
1864.12,0
1865.22,0
1866.32,0
1867.42,0
1868.52,0
1869.62,0
1870.72,0
1871.82,0
1872.92,0
1874.02,0
1875.12,0
1876.22,0
1877.32,0
1878.42,0
1879.6,0
1880.7,0
1881.8,0
1882.9,0
1884.0,0
1885.1,0
1886.2,0
1887.3,0
1888.4,0
1889.5,0
1890.6,0
1891.7,0
1892.8,0
1893.9,0
1895.0,0
1896.1,0
1897.2,0
1898.3,0
1899.4,0
1900.5,0
1901.6,0
1902.7,0
1903.8,0
1904.9,0
1906.0,0
1907.1,0
1908.2,0
1909.3,0
1910.4,0
1911.5,0
1912.6,0
1913.7,0
1914.8,0
1916.39,190
1917.49,0
1918.59,0
1919.69,0
1920.79,0
1921.89,0
1922.99,0
1924.53,190
1925.63,0
1926.73,0
1927.83,0
1929.33,0
1930.43,0
1931.53,0
1932.63,0
1933.73,0
1934.83,0
1935.93,0
1937.03,0
1938.13,0
1939.23,0
1940.33,0
1941.43,0
1942.53,0
1943.63,0
1944.73,0
1945.83,0
1946.93,0
1948.03,0
1949.13,0
1950.23,0
1951.33,0
1952.43,0
1953.53,0
1954.63,0
1955.73,0
1956.83,0
1957.93,0
1959.03,0
1960.13,0
1961.23,0
1962.33,0
1963.43,0
1964.53,0
1965.63,0
1966.73,0
1967.83,0
1968.93,0
1970.03,0
1971.13,0
1972.23,0
1973.33,0
1974.43,0
1975.53,0
1976.63,0
1977.73,0
1978.83,0
1979.93,0
1981.03,0
1982.13,0
1983.23,0
1984.33,0
1985.43,0
1986.53,0
1987.63,0
1988.73,0
1989.83,0
1990.93,0
1992.03,0
1993.13,0
1994.63,0
1995.73,0
1996.83,0
1997.93,0
1999.03,0
2000.13,0
2001.72,0
2002.82,0
2003.92,0
2005.02,0
2006.12,0
2007.22,0
2008.32,0
2009.42,0
2010.52,0
2012.11,5331
2013.21,0
2014.31,0
2015.41,0
2016.51,0
2017.61,0
2018.71,0
2019.81,0
2020.91,0
2022.5,5331
2023.6,0
2024.7,0
2025.8,0
2026.9,0
2028.0,0
2029.1,0
2030.2,0
2031.3,0
2032.4,0
2033.5,0
2034.6,0
2035.7,0
2036.8,0
2037.9,0
2039.0,0
2040.1,0
2041.2,0
2042.3,0
2043.4,0
2044.5,0
2045.6,0
2047.1,0
2048.2,0
2049.3,0
2050.4,0
2051.5,0
2052.6,0
2053.7,0
2054.8,0
2055.9,0
2057.0,0
2058.1,0
2059.2,0
2060.3,0
2061.4,0
2062.5,0
2063.6,5904
2064.7,0
2065.8,0
2066.9,0
2068.0,0
2069.1,0
2070.2,0
2071.3,0
2072.4,0
2073.5,0
2074.6,0
2075.7,0
2076.8,0
2077.9,0
2079.0,0
2080.1,0
2081.2,0
2082.3,0
2083.4,0
2084.5,0
2085.6,0
2086.7,0
2087.8,0
2088.9,0
2090.0,0
2091.1,0
2092.2,0
2093.3,0
2094.4,0
2095.5,0
2096.6,0
2097.7,0
2098.8,0
2099.9,0
2101.0,0
2102.1,0
2103.2,0
2104.3,0
2105.4,0
2106.5,0
2107.6,0
2108.7,0
2109.8,0
2110.9,0
2112.0,0
2113.1,0
2114.2,0
2115.3,0
2116.4,0
2117.5,0
2118.6,0
2119.7,0
2120.8,0
2121.9,0
2123.0,0
2124.1,0
2125.2,0
2126.3,0
2127.4,0
2128.5,0
2129.6,0
2130.7,0
2132.2,0
2133.3,0
2134.39,0
2135.49,0
2136.59,0
2137.69,0
2138.79,0
2139.89,0
2140.99,0
2142.09,0
2143.19,0
2144.29,0
2145.39,0
2146.49,0
2147.59,0
2148.69,0
2150.28,0
2151.38,0
2152.48,0
2153.58,0
2154.68,0
2155.78,0
2156.88,0
2158.38,0
2159.48,0
2160.58,0
2161.68,0
2162.78,0
2163.88,0
2164.98,0
2166.08,0
2167.18,0
2168.28,0
2169.38,0
2170.48,0
2171.58,0
2172.68,0
2173.78,0
2174.88,0
2175.98,0
2177.08,0
2178.18,0
2179.28,0
2180.38,0
2181.48,0
2182.58,0
2183.68,0
2184.78,0
2185.88,0
2186.98,0
2188.08,0
2189.18,0
2190.28,0
2191.38,0
2192.48,0
2193.58,0
2194.68,0
2195.78,0
2196.88,0
2197.98,0
2199.08,0
2200.18,0
2201.28,0
2202.38,0
2203.48,0
2204.58,0
2205.68,0
2206.78,0
2207.88,0
2208.98,0
2210.08,0
2211.18,0
2212.28,0
2213.38,0
2214.48,0
2215.58,0
2216.68,0
2217.78,0
2218.88,0
2219.98,0
2221.08,0
2222.18,0
2223.28,0
2224.38,0
2225.48,0
2227.07,0
2228.17,0
2229.27,0
2230.37,0
2231.47,0
2232.57,0
2233.67,0
2234.77,0
2235.87,0
2236.97,0
2238.07,0
2239.17,0
2240.27,0
2241.37,0
2242.47,0
2243.57,0
2245.07,0
2246.17,0
2247.27,0
2248.37,0
2249.47,0
2250.57,0
2251.67,0
2252.77,0
2253.87,0
2254.97,0
2256.07,0
2257.17,0
2258.27,0
2259.37,0
2260.47,0
2261.57,0
2262.67,0
2263.8,0
2264.9,0
2266.0,0
2267.1,0
2268.2,0
2269.3,0
2270.4,0
2271.5,0
2272.6,0
2273.7,0
2274.8,0
2275.9,0
2277.0,0
2278.1,0
2279.2,0
2280.3,0
2281.4,0
2282.5,0
2283.6,0
2284.7,0
2285.8,0
2286.9,0
2288.0,0
2289.1,0
2290.2,0
2291.3,0
2292.4,0
2293.5,0
2294.6,0
2295.7,0
2296.8,0
2297.9,0
2299.0,0
2300.1,0
2301.2,0
2302.79,53302
2303.89,0
2304.99,0
2306.09,0
2307.19,0
2308.29,0
2309.39,0
2310.89,25889
2311.99,0
2313.09,0
2314.19,0
2315.29,0
2316.39,0
2317.49,0
2318.59,0
2319.69,0
2320.79,0
2321.89,0
2322.99,0
2324.09,0
2325.19,0
2326.29,0
2327.39,0
2328.52,0
2329.62,0
2331.12,0
2332.22,0
2333.32,0
2334.42,0
2335.52,0
2336.62,0
2337.72,0
2338.82,0
2339.92,0
2341.02,0
2342.12,0
2343.22,0
2344.32,0
2345.42,0
2346.52,0
2347.62,0
2348.72,0
2349.82,0
2350.92,0
2352.02,0
2353.12,0
2354.22,0
2355.32,0
2356.42,0
2357.52,0
2358.62,0
2359.72,0
2360.82,0
2361.92,0
2363.02,0
2364.12,0
2365.22,0
2366.81,0
2367.91,0
2369.01,0
2370.11,0
2371.21,0
2372.31,0
2373.41,0
2374.51,0
2375.61,0
2376.71,0
2377.81,0
2378.91,0
2380.01,0
2381.11,0
2382.21,0
2383.31,0
2384.41,0
2385.51,0
2387.1,0
2388.2,0
2389.3,0
2390.4,0
2391.5,0
2392.6,0
2393.7,0
2394.8,0
2395.9,0
2397.0,0
2398.5,0
2399.6,0
2400.7,0
2401.8,0
2402.9,0
2404.0,0
2405.1,0
2406.2,0
2407.3,0
2408.4,0
2409.5,0
2410.6,0
2411.7,0
2412.8,0
2413.9,0
2415.0,0
2416.1,0
2417.2,0
2418.3,0
2419.4,0
2420.5,0
2421.6,0
2422.7,0
2423.8,0
2424.9,0
2426.0,0
2427.1,0
2428.2,0
2429.3,0
2430.4,0
2431.5,0
2432.6,0
2433.7,0
2434.8,0
2435.9,0
2437.0,0
2438.1,0
2439.2,0
2440.3,0
2441.4,0
2442.59,0
2443.69,0
2444.87,0
2445.97,0
2447.07,0
2448.17,0
2449.27,0
2450.37,0
2451.96,0
2453.06,0
2454.19,0
2455.29,0
2456.39,0
2457.49,0
2458.59,0
2459.69,0
2460.79,0
2461.89,0
2462.99,0
2464.09,0
2465.19,0
2466.29,0
2467.39,0
2468.49,0
2469.59,0
2470.69,0
2471.79,0
2472.89,0
2473.99,0
2475.49,1899
2476.59,0
2477.69,0
2478.79,0
2479.89,0
2480.99,0
2482.09,0
2483.19,0
2484.29,0
2485.39,0
2486.49,0
2487.59,0
2488.69,0
2489.79,0
2490.89,0
2491.99,0
2493.09,0
2494.22,0
2495.32,0
2496.42,0
2497.52,0
2498.62,0
2499.72,0
2500.82,0
2501.92,0
2503.02,0
2504.12,0
2505.22,0
2506.32,0
2507.42,0
2508.52,0
2509.62,0
2510.72,0
2511.82,0
2512.92,0
2514.02,0
2515.12,0
2516.22,0
2517.32,0
2518.42,0
2519.52,0
2520.65,0
2521.75,0
2522.85,0
2523.95,0
2525.05,0
2526.15,0
2527.25,0
2528.35,0
2529.45,0
2530.55,0
2531.65,0
2532.75,0
2533.85,0
2534.95,0
2536.05,0
2537.15,0
2538.25,0
2539.35,0
2540.45,0
2541.55,0
2542.65,0
2543.75,0
2544.85,0
2545.95,0
2547.05,0
2548.15,0
2549.25,0
2550.35,0
2551.45,0
2552.55,0
2553.65,0
2554.75,0
2555.85,0
2556.95,0
2558.05,0
2559.15,0
2560.25,0
2561.35,0
2562.45,0
2563.55,0
2564.65,0
2565.75,0
2566.85,0
2567.95,0
2569.05,0
2570.15,0
2571.25,0
2572.35,0
2573.45,0
2574.55,0
2575.65,0
2576.75,0
2577.85,0
2578.95,0
2580.05,0
2581.64,184
2582.74,0
2583.84,0
2584.94,0
2586.04,0
2587.14,0
2588.24,0
2589.34,0
2590.44,0
2591.54,0
2592.64,0
2593.74,0
2594.84,0
2595.94,0
2597.04,0
2598.14,0
2599.24,0
2600.34,0
2601.44,0
2602.54,0
2603.64,0
2604.74,0
2605.84,0
2606.94,0
2608.04,0
2609.14,0
2610.24,0
2611.34,0
2612.44,0
2613.54,0
2614.64,0
2615.74,0
2616.84,0
2617.94,0
2619.04,0
2620.14,0
2621.24,0
2622.34,0
2623.44,0
2624.54,0
2625.64,0
2626.74,0
2627.84,0
2628.94,0
2630.04,0
2631.14,0
2632.24,0
2633.34,0
2634.44,0
2635.54,0
2636.64,0
2637.74,0
2638.84,0
2639.94,0
2641.04,0
2642.14,0
2643.24,0
2644.34,0
2645.44,0
2646.54,0
2647.64,0
2648.74,0
2649.84,0
2651.34,0
2652.44,0
2653.54,0
2654.64,0
2655.74,0
2656.84,0
2657.94,0
2659.04,0
2660.17,0
2661.27,0
2662.37,0
2663.47,0
2664.57,0
2665.67,0
2666.77,0
2667.87,0
2668.97,0
2670.07,0
2671.17,0
2672.27,0
2673.37,0
2674.47,0
2675.57,0
2676.67,0
2677.77,0
2678.87,0
2679.97,0
2681.07,0
2682.17,0
2683.27,0
2684.37,0
2685.47,0
2686.57,0
2687.67,0
2689.26,0
2690.36,0
2691.46,0
2692.56,0
2694.06,25882
2695.16,0
2696.26,0
2697.36,0
2698.46,0
2699.56,0
2700.66,0
2701.76,0
2702.86,0
2703.96,0
2705.06,0
2706.16,0
2707.26,0
2708.36,0
2709.46,0
2710.56,0
2711.66,0
2712.76,0
2713.86,0
2714.96,0
2716.06,0
2717.16,0
2718.26,0
2719.36,0
2720.46,0
2721.56,0
2722.66,0
2723.76,0
2724.86,0
2725.96,0
2727.46,0
2728.56,0
2729.66,0
2730.76,0
2731.86,0
2732.96,0
2734.06,0
2735.16,0
2736.26,0
2737.36,0
2738.46,0
2739.56,0
2740.66,0
2741.76,0
2742.86,182
2743.99,0
2745.09,0
2746.19,0
2747.29,0
2748.88,0
2749.98,0
2751.08,0
2752.18,0
2753.28,0
2754.38,0
2755.48,0
2756.58,0
2757.68,0
2758.78,0
2759.88,0
2761.47,0
2762.57,0
2763.67,0
2764.77,0
2765.87,0
2766.97,0
2768.07,0
2769.17,0
2770.27,0
2771.37,0
2772.47,0
2773.57,0
2774.67,0
2775.77,0
2776.87,0
2777.97,0
2779.07,0
2780.17,0
2781.27,0
2782.37,0
2783.47,0
2784.57,0
2785.67,0
2786.77,0
2787.87,0
2788.97,0
2790.07,0
2791.17,0
2792.27,0
2793.77,0
2794.87,0
2795.97,0
2797.07,0
2798.17,0
2799.27,0
2800.37,0
2801.47,0
2802.57,0
2803.67,0
2804.77,0
2805.87,0
2806.97,0
2808.07,0
2809.17,0
2810.27,0
2811.37,0
2812.47,0
2813.57,0
2814.67,0
2815.77,0
2816.87,0
2817.97,0
2819.07,0
2820.17,0
2821.27,0
2822.86,25880
2823.96,0
2825.06,0
2826.16,0
2827.26,0
2828.36,0
2829.46,0
2830.56,0
2831.66,0
2832.76,0
2833.86,0
2834.96,0
2836.06,0
2837.16,0
2838.26,0
2839.36,0
2840.46,0
2841.56,0
2842.66,0
2843.76,0
2844.89,0
2845.99,0
2847.09,0
2848.19,0
2849.29,0
2850.39,0
2851.49,0
2852.59,0
2853.69,0
2854.79,0
2855.89,0
2856.99,0
2858.09,0
2859.19,0
2860.29,0
2861.39,0
2862.49,0
2863.59,0
2864.69,0
2865.79,0
2866.89,0
2867.99,0
2869.09,0
2870.19,0
2871.29,0
2872.39,0
2873.49,0
2874.59,0
2875.69,0
2876.79,0
2877.89,0
2878.99,0
2880.09,0
2881.19,0
2882.29,0
2883.39,0
2884.49,0
2885.59,0
2886.69,0
2887.79,0
2888.89,0
2889.99,0
2891.09,0
2892.19,0
2893.29,0
2894.39,0
2895.49,0
2896.59,0
2897.69,0
2898.79,0
2899.89,0
2900.99,0
2902.09,0
2903.19,0
2904.29,0
2905.39,0
2906.49,0
2907.59,0
2908.69,0
2909.79,0
2910.89,0
2911.99,0
2913.09,0
2914.19,0
2915.29,0
2916.39,0
2917.49,0
2918.59,0
2919.69,0
2920.79,0
2921.89,0
2922.99,0
2924.09,0
2925.19,0
2926.37,0
2927.47,0
2928.57,0
2929.67,0
2930.77,0
2931.87,0
2932.97,0
2934.07,0
2935.17,0
2936.27,0
2937.37,0
2938.47,0
2939.97,0
2941.07,0
2942.17,0
2943.27,0
2944.37,0
2945.47,0
2946.57,0
2947.67,0
2948.77,0
2949.87,0
2950.97,0
2952.07,0
2953.17,0
2954.67,0
2955.77,0
2956.87,0
2957.97,0
2959.07,0
2960.17,0
2961.27,0
2962.37,0
2963.47,0
2964.57,0
2965.67,0
2966.77,0
2967.87,0
2968.97,0
2970.07,0
2971.17,0
2972.27,0
2973.37,0
2974.47,0
2975.57,0
2976.67,0
2978.17,5316
2979.27,0
2980.37,0
2981.47,0
2982.57,0
2983.67,0
2984.77,0
2985.87,0
2986.97,0
2988.07,0
2989.17,0
2990.27,0
2991.37,0
2992.47,0
2993.57,0
2994.67,0
2995.77,0
2996.87,0
2997.97,0
2999.07,0
3000.17,0
3001.27,0
3002.37,0
3003.47,0
3004.57,0
3005.67,0
3006.77,0
3007.87,0
3008.97,0
3010.07,0
3011.17,0
3012.27,0
3013.37,0
3014.47,0
3015.57,0
3016.67,0
3017.77,0
3018.87,0
3019.97,0
3021.07,0
3022.17,0
3023.27,0
3024.37,0
3025.47,0
3026.57,0
3027.67,0
3028.77,0
3029.87,0
3030.97,0
3032.07,0
3033.17,0
3034.27,0
3035.37,0
3036.47,0
3037.57,0
3038.67,0
3039.77,0
3040.87,0
3041.97,0
3043.07,0
3044.17,0
3045.27,0
3046.37,0
3047.47,0
3048.57,0
3049.67,0
3050.77,0
3051.87,0
3052.97,0
3054.07,0
3055.17,0
3056.67,53290
3057.77,0
3058.87,0
3059.97,0
3061.07,0
3062.17,0
3063.27,0
3064.37,0
3065.47,0
3066.57,0
3067.7,0
3068.8,0
3069.9,0
3071.0,0
3072.1,0
3073.2,0
3074.33,0
3075.43,0
3076.53,0
3077.63,0
3078.73,0
3079.83,0
3080.93,0
3082.03,0
3083.13,0
3084.23,0
3085.33,0
3086.43,0
3087.53,0
3088.63,0
3089.73,0
3090.83,0
3091.93,0
3093.03,0
3094.13,0
3095.23,0
3096.33,0
3097.43,0
3098.53,0
3099.63,0
3100.73,0
3101.83,0
3102.93,0
3104.03,0
3105.13,0
3106.23,0
3107.33,0
3108.43,0
3110.02,0
3111.12,0
3112.22,0
3113.32,0
3114.42,0
3115.52,0
3117.11,0
3118.21,0
3119.31,0
3120.41,0
3121.51,0
3122.61,0
3123.71,0
3124.81,0
3125.91,0
3127.01,0
3128.11,0
3129.21,0
3130.31,0
3131.41,0
3132.51,0
3133.61,0
3134.71,12170
3135.84,0
3136.94,0
3138.04,0
3139.14,0
3140.24,0
3141.34,0
3142.53,0
3143.63,0
3144.73,0
3145.83,0
3146.93,0
3148.03,0
3149.13,0
3150.23,0
3151.33,0
3152.46,0
3153.56,0
3154.66,0
3155.76,0
3156.86,0
3157.96,0
3159.06,0
3160.16,0
3161.26,0
3162.36,0
3163.46,0
3164.56,0
3165.69,0
3166.79,0
3167.89,0
3168.99,0
3170.09,0
3171.19,0
3172.29,0
3173.39,0
3174.49,0
3175.59,0
3176.69,0
3177.79,0
3178.89,0
3179.99,0
3181.09,0
3182.19,0
3183.29,0
3184.39,0
3185.58,0
3186.68,0
3187.78,0
3188.88,0
3190.38,0
3191.48,0
3192.58,0
3193.68,0
3194.78,0
3195.88,0
3196.98,0
3198.08,0
3199.18,0
3200.28,0
3201.38,0
3202.48,0
3203.58,0
3204.68,0
3205.78,0
3206.88,0
3207.98,0
3209.08,0
3210.18,0
3211.28,0
3212.38,0
3213.48,0
3214.58,0
3215.68,0
3216.78,0
3217.88,0
3218.98,0
3220.08,0
3221.18,0
3222.28,0
3223.38,0
3224.48,0
3225.58,0
3226.68,0
3227.78,0
3228.88,0
3229.98,0
3231.08,0
3232.18,0
3233.28,0
3234.38,0
3235.48,0
3236.58,0
3237.68,0
3238.78,0
3239.88,0
3240.98,0
3242.08,0
3243.18,0
3244.28,0
3245.38,0
3246.48,0
3247.58,0
3248.68,0
3249.78,0
3250.88,0
3251.98,0
3253.08,0
3254.18,0
3255.28,0
3256.38,0
3257.48,0
3258.58,0
3259.68,0
3260.78,0
3261.88,0
3262.98,0
3264.08,0
3265.18,0
3266.28,0
3267.38,0
3268.48,0
3269.58,0
3270.68,0
3271.78,0
3272.88,0
3273.98,0
3275.08,0
3276.18,0
3277.28,0
3278.38,0
3279.48,0
3280.58,0
3281.68,0
3282.78,0
3283.87,0
3284.97,0
3286.07,0
3287.17,0
3288.27,0
3289.37,0
3290.47,0
3291.57,0
3293.07,0
3294.17,0
3295.27,0
3296.37,0
3297.47,0
3298.57,0
3299.67,0
3300.77,0
3301.87,0
3302.97,0
3304.07,0
3305.17,0
3306.27,0
3307.37,0
3308.47,0
3309.57,0
3310.67,0
3311.77,0
3312.87,0
3313.97,0
3315.07,0
3316.17,0
3317.27,0
3318.37,0
3319.47,0
3320.57,0
3321.67,0
3322.77,0
3323.87,0
3324.97,0
3326.07,0
3327.17,0
3328.27,0
3329.37,0
