0,0
1.14,0
2.24,0
3.34,0
4.44,0
5.54,0
6.64,0
7.74,21
8.84,53
9.94,134
11.04,242
12.14,351
13.24,522
14.34,801
15.44,1084
16.54,1396
17.64,1646
18.74,1885
20.33,1819
21.43,1755
22.53,1758
23.63,1763
24.73,1777
25.83,1811
26.96,1814
28.06,1872
29.56,2034
30.66,2003
31.76,2115
32.86,2189
33.96,2283
35.06,2387
36.16,2463
37.26,2568
38.36,2627
39.46,2750
40.56,2798
41.66,2914
42.76,2974
43.86,3078
44.96,3185
46.06,3270
47.16,3299
48.75,3410
49.85,3527
50.95,3578
52.05,3682
53.15,3768
54.25,3867
55.35,3933
56.45,4029
57.55,4113
58.65,4189
59.75,4237
60.85,4333
61.95,4463
63.05,4511
64.15,4650
65.25,4755
66.35,4858
67.45,4923
68.55,5068
69.65,5188
70.75,5244
71.85,5348
72.95,5456
74.05,5558
75.15,5600
76.74,28209
77.84,5766
78.94,5881
80.04,5966
81.14,6024
82.24,6118
83.34,6227
84.44,6244
85.54,6336
86.64,6428
87.74,6520
88.84,6560
89.94,6694
91.04,6754
92.14,6874
93.24,6920
94.34,7034
95.47,7109
96.57,7163
98.07,7330
99.17,7421
100.27,7531
101.37,7610
102.87,7931
103.97,7915
105.07,8036
106.17,8135
107.27,8230
108.37,8286
109.47,8333
110.57,8453
111.67,8593
112.77,8682
113.87,8697
114.97,8834
116.07,8928
117.17,9007
118.27,9111
119.37,9164
120.47,9249
121.57,9351
122.67,9476
123.77,9584
124.87,9667
125.97,9727
127.07,9833
128.17,9952
129.27,9989
130.37,10105
131.47,10192
132.57,10286
133.67,10292
134.77,10436
135.87,10466
136.97,10608
138.07,10709
139.17,10823
140.27,10843
141.37,10949
142.47,11055
143.57,11179
144.67,11304
145.77,11404
146.87,11468
147.97,11536
149.07,11662
150.17,11730
151.27,11865
152.37,11952
153.56,12054
154.66,12168
155.76,12214
156.86,12324
157.96,12462
159.06,12539
160.16,12644
161.26,12725
162.36,12883
163.46,12919
164.56,13066
165.66,13151
167.16,13178
168.26,13303
169.36,13442
170.46,13477
171.56,13589
172.66,13714
173.76,13800
174.86,13917
175.96,14023
177.06,14078
178.16,14179
179.26,14301
180.36,14391
181.46,14524
182.56,14600
183.66,14740
184.76,14814
185.86,14899
186.96,15012
188.06,15166
189.56,34608
190.66,15478
191.76,15570
192.86,15681
193.96,15816
195.06,15929
196.16,16017
197.26,16136
198.36,16156
199.46,16301
200.56,16384
201.66,16463
202.76,16830
203.89,16723
204.99,16833
206.09,16948
207.19,17019
208.29,17143
209.39,17277
210.49,17361
211.59,17480
212.69,17571
213.79,17669
214.89,17797
215.99,17798
217.09,17953
218.19,18109
219.29,18195
220.39,18273
221.49,18391
222.59,18493
223.69,18632
224.79,18715
225.89,18794
226.99,18911
228.17,19029
229.27,19097
230.37,19166
231.47,19319
232.57,19391
233.67,19526
234.77,19683
235.87,19770
236.97,19924
238.07,19996
239.17,20133
240.27,20264
241.37,20349
242.47,20482
243.57,20609
244.67,20750
245.77,20866
246.87,20991
247.97,21095
249.07,21212
250.17,21310
251.27,21459
252.37,21584
253.47,21728
254.57,21843
255.67,21940
256.77,22063
257.87,22192
258.97,22315
260.07,22385
261.17,22512
262.27,22642
263.77,65476
264.87,22905
265.97,23022
267.07,23134
268.17,23243
269.27,23357
270.37,23478
271.47,23582
272.57,23716
273.67,23816
274.77,23923
275.87,24061
276.97,24147
278.07,24263
279.17,24354
280.27,24505
281.37,24649
282.47,24780
283.57,24891
284.67,25022
285.77,25142
286.87,25251
287.97,25372
289.07,25476
290.17,25619
291.27,25739
292.86,25904
293.96,26026
295.06,26184
296.25,26317
297.35,26461
298.45,26607
299.55,26734
300.65,26875
301.75,26987
302.85,27117
303.95,27231
305.05,27339
306.15,27516
307.25,27600
308.35,27735
309.45,27869
310.55,28008
311.65,28145
312.75,28248
313.85,28377
314.95,28510
316.05,28656
317.55,28805
318.65,29074
319.75,29117
320.85,29264
321.95,29366
323.05,29516
324.15,29620
325.25,29742
326.35,29865
327.45,29989
328.55,30118
329.65,30251
330.75,30393
331.85,30509
332.95,30616
334.05,30746
335.15,30866
336.25,30992
337.35,31127
338.45,31234
339.55,31372
340.65,31476
341.75,31607
342.85,31733
343.95,31822
345.05,31920
346.15,32030
347.25,32135
348.35,32231
349.45,32389
350.55,32497
351.65,32597
352.75,32724
353.85,32819
354.95,32963
356.05,33072
357.15,33213
358.25,33341
359.35,33439
360.45,33554
361.55,33614
362.65,33745
363.75,33841
364.85,33965
365.95,34084
367.45,34202
368.55,34330
369.65,34477
370.75,34572
371.85,34710
372.95,34820
374.05,34912
375.15,29745
376.25,29980
377.35,30423
378.45,30190
379.55,30542
380.65,30298
381.75,30429
382.85,30458
383.95,30385
385.05,30501
386.15,30314
387.25,30401
388.35,30260
389.45,30223
390.55,30136
391.65,29949
392.75,29931
393.85,29900
394.95,29959
396.05,29958
397.15,29933
398.25,29915
399.35,29879
400.45,29835
401.55,29758
402.65,29705
403.75,29661
404.85,29573
405.95,29506
407.05,29435
408.15,29373
409.25,29323
410.35,29280
411.45,29248
412.55,29257
413.65,29242
414.75,29214
415.85,29138
416.95,29051
418.05,29034
419.15,29027
420.69,17919
421.79,29090
422.89,29001
423.99,28902
425.09,28723
426.19,28608
427.29,28491
428.39,28433
429.49,28428
430.59,28455
431.69,28518
432.79,28539
433.89,28633
434.99,28711
436.09,28805
437.19,28850
438.29,28886
439.39,28898
440.49,28945
441.59,28992
442.69,28964
443.82,28942
444.92,28869
446.1,28799
447.2,28785
448.3,28734
449.4,28725
450.5,28662
451.6,28648
452.7,28665
453.8,28682
454.9,28676
456.0,28639
457.1,28635
458.2,28595
459.3,28527
460.4,28464
461.5,28366
462.6,28239
463.7,28059
464.8,27937
465.9,27797
467.0,27602
468.1,27387
469.2,27222
470.3,27154
471.4,27173
472.5,27165
473.6,27149
474.7,27160
475.8,27150
476.9,27137
478.0,27079
479.1,27048
480.2,27024
481.3,26972
482.8,68238
483.9,26874
485.0,26828
486.1,26750
487.2,26699
488.3,26686
489.4,26718
490.5,26745
491.6,26755
492.7,26798
493.8,26766
494.9,26718
496.0,26615
497.1,26249
498.2,28935
499.3,26087
500.4,25988
501.5,25911
502.6,25762
503.7,25747
504.8,25524
505.9,25278
507.0,25094
508.5,28086
509.6,24731
510.7,24616
511.8,24487
512.9,24455
514.0,24391
515.1,24360
516.2,23986
517.3,23923
518.4,23948
519.5,53370
520.6,29412
521.7,0
522.8,0
523.9,0
525.0,0
526.1,0
527.2,0
528.3,0
529.4,0
530.5,0
531.6,0
532.7,0
534.29,111
535.39,0
536.49,0
537.59,0
538.69,0
539.79,0
540.89,0
541.99,0
543.09,0
544.19,0
545.29,0
546.39,0
547.49,0
548.59,0
549.69,0
550.79,0
551.89,0
552.99,0
554.49,8674
555.59,0
556.69,0
557.79,0
558.89,0
559.99,0
561.09,0
562.19,0
563.29,0
564.39,0
565.49,0
566.59,0
567.69,0
568.79,0
569.89,0
570.99,0
572.09,0
573.19,0
574.29,0
575.39,0
576.49,0
577.59,0
578.69,0
579.79,0
580.89,0
581.99,0
583.09,0
584.19,0
585.29,0
586.39,0
587.49,0
588.59,0
589.69,0
590.79,0
591.89,0
592.99,0
594.09,0
595.19,0
596.38,0
597.48,0
598.58,0
599.68,0
600.78,0
601.88,0
602.98,0
604.08,0
605.18,0
606.28,0
607.38,0
608.48,0
609.58,0
610.68,0
611.78,0
612.88,0
613.98,0
615.08,0
616.18,0
617.28,0
618.38,0
619.48,0
620.58,0
621.68,0
622.78,0
623.88,0
